0	1	
0	4	
0	5	
0	7	
0	8	
0	9	
1	4	
1	6	
2	3	
2	4	
2	5	
2	7	
2	9	
3	4	
3	5	
3	8	
4	5	
4	9	
5	8	
5	9	
6	8	
6	9	
7	8	
7	9	
10	1	
10	0	
11	9	
11	2	
12	1	
12	5	
13	9	
13	2	
14	8	
14	12	
15	8	
15	0	
16	0	
16	11	
17	8	
17	4	
18	6	
18	12	
19	12	
19	0	
20	1	
20	5	
21	3	
21	1	
22	0	
22	17	
23	3	
23	2	
24	12	
24	20	
25	1	
25	8	
26	19	
26	22	
27	9	
27	1	
28	3	
28	9	
29	20	
29	0	
30	16	
30	1	
31	14	
31	2	
32	9	
32	12	
33	14	
33	0	
34	8	
34	2	
35	3	
35	0	
36	5	
36	8	
37	15	
37	5	
38	3	
38	8	
39	8	
39	9	
40	12	
40	4	
41	2	
41	12	
42	1	
42	4	
43	5	
43	4	
44	12	
44	10	
45	2	
45	5	
46	40	
46	0	
47	3	
47	41	
48	10	
48	41	
49	5	
49	17	
50	17	
50	31	
51	4	
51	5	
52	5	
52	25	
53	40	
53	2	
54	16	
54	17	
55	2	
55	5	
56	38	
56	1	
57	9	
57	12	
58	29	
58	30	
59	5	
59	46	
60	18	
60	13	
61	38	
61	2	
62	12	
62	1	
63	8	
63	12	
64	9	
64	0	
65	14	
65	5	
66	13	
66	65	
67	25	
67	19	
68	50	
68	15	
69	5	
69	1	
70	58	
70	5	
71	25	
71	3	
72	8	
72	48	
73	8	
73	40	
74	8	
74	47	
75	48	
75	42	
76	11	
76	5	
77	68	
77	18	
78	15	
78	67	
79	15	
79	25	
80	9	
80	3	
81	19	
81	63	
82	70	
82	48	
83	4	
83	76	
84	39	
84	61	
85	2	
85	5	
86	8	
86	3	
87	0	
87	8	
88	68	
88	49	
89	4	
89	53	
90	4	
90	17	
91	26	
91	3	
92	1	
92	17	
93	74	
93	48	
94	13	
94	2	
95	14	
95	94	
96	2	
96	8	
97	5	
97	17	
98	0	
98	11	
99	17	
99	60	
100	24	
100	5	
101	18	
101	16	
102	42	
102	19	
103	66	
103	7	
104	42	
104	0	
105	9	
105	31	
106	43	
106	5	
107	105	
107	38	
108	30	
108	12	
109	8	
109	93	
110	0	
110	81	
111	54	
111	5	
112	103	
112	77	
113	61	
113	25	
114	0	
114	64	
115	5	
115	12	
116	44	
116	16	
117	51	
117	8	
118	11	
118	10	
119	4	
119	29	
120	16	
120	32	
121	114	
121	0	
122	0	
122	53	
123	37	
123	5	
124	93	
124	2	
125	12	
125	62	
126	123	
126	4	
127	65	
127	9	
128	41	
128	25	
129	105	
129	68	
130	107	
130	0	
131	9	
131	20	
132	1	
132	0	
133	15	
133	9	
134	4	
134	15	
135	65	
135	25	
136	9	
136	5	
137	107	
137	118	
138	1	
138	0	
139	11	
139	1	
140	106	
140	8	
141	18	
141	12	
142	109	
142	25	
143	5	
143	29	
144	92	
144	125	
145	109	
145	0	
146	17	
146	19	
147	22	
147	20	
148	120	
148	1	
149	86	
149	8	
150	5	
150	107	
151	8	
151	0	
152	111	
152	32	
153	40	
153	5	
154	15	
154	37	
155	29	
155	111	
156	112	
156	11	
157	37	
157	0	
158	5	
158	55	
159	148	
159	19	
160	122	
160	67	
161	22	
161	5	
162	1	
162	21	
163	17	
163	8	
164	62	
164	12	
165	67	
165	140	
166	12	
166	4	
167	76	
167	43	
168	1	
168	133	
169	0	
169	88	
170	30	
170	123	
171	17	
171	93	
172	37	
172	21	
173	9	
173	2	
174	12	
174	71	
175	1	
175	9	
176	33	
176	158	
177	0	
177	8	
178	22	
178	107	
179	0	
179	15	
180	4	
180	28	
181	48	
181	4	
182	23	
182	170	
183	5	
183	1	
184	9	
184	42	
185	5	
185	29	
186	123	
186	164	
187	42	
187	32	
188	143	
188	53	
189	0	
189	122	
190	43	
190	178	
191	77	
191	107	
192	77	
192	133	
193	97	
193	1	
194	127	
194	58	
195	47	
195	90	
196	99	
196	113	
197	60	
197	86	
198	9	
198	17	
199	160	
199	1	
200	8	
200	15	
201	17	
201	15	
202	124	
202	184	
203	63	
203	11	
204	46	
204	52	
205	97	
205	63	
206	1	
206	6	
207	2	
207	5	
208	162	
208	5	
209	15	
209	90	
210	70	
210	4	
211	1	
211	139	
212	1	
212	37	
213	50	
213	31	
214	31	
214	61	
215	15	
215	52	
216	4	
216	0	
217	86	
217	18	
218	82	
218	25	
219	24	
219	188	
220	12	
220	157	
221	199	
221	118	
222	214	
222	8	
223	145	
223	13	
224	1	
224	58	
225	8	
225	1	
226	212	
226	1	
227	1	
227	135	
228	12	
228	33	
229	159	
229	15	
230	64	
230	5	
231	218	
231	1	
232	67	
232	3	
233	156	
233	66	
234	52	
234	222	
235	193	
235	138	
236	55	
236	167	
237	1	
237	124	
238	22	
238	12	
239	56	
239	38	
240	42	
240	20	
241	43	
241	15	
242	1	
242	12	
243	2	
243	5	
244	190	
244	31	
245	99	
245	8	
246	2	
246	233	
247	81	
247	122	
248	61	
248	183	
249	13	
249	0	
250	48	
250	146	
251	15	
251	98	
252	208	
252	93	
253	227	
253	246	
254	2	
254	175	
255	236	
255	46	
256	142	
256	151	
257	165	
257	41	
258	182	
258	213	
259	182	
259	1	
260	164	
260	203	
261	128	
261	4	
262	37	
262	5	
263	1	
263	5	
264	31	
264	30	
265	1	
265	170	
266	65	
266	3	
267	177	
267	216	
268	93	
268	1	
269	9	
269	255	
270	265	
270	120	
271	5	
271	148	
272	1	
272	163	
273	106	
273	91	
274	17	
274	58	
275	8	
275	3	
276	23	
276	5	
277	46	
277	275	
278	169	
278	3	
279	36	
279	49	
280	258	
280	60	
281	209	
281	1	
282	71	
282	77	
283	249	
283	56	
284	4	
284	199	
285	4	
285	9	
286	192	
286	197	
287	4	
287	9	
288	228	
288	2	
289	263	
289	231	
290	12	
290	147	
291	7	
291	60	
292	12	
292	242	
293	233	
293	42	
294	65	
294	183	
295	30	
295	54	
296	198	
296	2	
297	241	
297	17	
298	297	
298	14	
299	184	
299	35	
300	41	
300	81	
301	10	
301	9	
302	120	
302	9	
303	18	
303	5	
304	11	
304	64	
305	77	
305	48	
306	115	
306	279	
307	248	
307	122	
308	0	
308	231	
309	222	
309	37	
310	20	
310	107	
311	1	
311	65	
312	189	
312	153	
313	91	
313	68	
314	120	
314	85	
315	208	
315	168	
316	293	
316	1	
317	100	
317	156	
318	156	
318	202	
319	309	
319	5	
320	70	
320	103	
321	151	
321	71	
322	80	
322	255	
323	112	
323	2	
324	2	
324	153	
325	286	
325	156	
326	199	
326	25	
327	22	
327	2	
328	101	
328	55	
329	11	
329	184	
330	248	
330	156	
331	1	
331	283	
332	102	
332	255	
333	252	
333	188	
334	273	
334	76	
335	209	
335	119	
336	315	
336	12	
337	120	
337	0	
338	320	
338	67	
339	31	
339	82	
340	231	
340	55	
341	20	
341	16	
342	64	
342	123	
343	40	
343	129	
344	5	
344	120	
345	5	
345	107	
346	65	
346	213	
347	102	
347	5	
348	323	
348	271	
349	194	
349	182	
350	61	
350	0	
351	194	
351	149	
352	94	
352	2	
353	97	
353	54	
354	266	
354	33	
355	54	
355	20	
356	69	
356	209	
357	1	
357	277	
358	5	
358	20	
359	1	
359	348	
360	17	
360	9	
361	120	
361	37	
362	48	
362	1	
363	259	
363	263	
364	212	
364	128	
365	265	
365	275	
366	192	
366	19	
367	61	
367	253	
368	231	
368	81	
369	219	
369	3	
370	40	
370	25	
371	156	
371	8	
372	327	
372	3	
373	46	
373	25	
374	306	
374	29	
375	177	
375	56	
376	77	
376	258	
377	291	
377	60	
378	340	
378	297	
379	2	
379	5	
380	29	
380	12	
381	302	
381	50	
382	101	
382	26	
383	325	
383	3	
384	12	
384	56	
385	163	
385	26	
386	269	
386	33	
387	62	
387	32	
388	0	
388	54	
389	88	
389	5	
390	8	
390	263	
391	8	
391	101	
392	2	
392	286	
393	48	
393	392	
394	209	
394	268	
395	254	
395	17	
396	208	
396	123	
397	133	
397	37	
398	273	
398	30	
399	312	
399	227	
400	365	
400	81	
401	107	
401	15	
402	1	
402	109	
403	151	
403	37	
404	12	
404	46	
405	160	
405	301	
406	119	
406	4	
407	284	
407	50	
408	9	
408	14	
409	65	
409	17	
410	123	
410	124	
411	16	
411	2	
412	359	
412	8	
413	193	
413	197	
414	379	
414	177	
415	91	
415	147	
416	1	
416	383	
417	256	
417	393	
418	393	
418	12	
419	177	
419	9	
420	270	
420	31	
421	2	
421	419	
422	419	
422	145	
423	201	
423	70	
424	173	
424	115	
425	71	
425	9	
426	143	
426	383	
427	1	
427	215	
428	182	
428	8	
429	408	
429	52	
430	96	
430	315	
431	60	
431	257	
432	19	
432	300	
433	306	
433	113	
434	335	
434	241	
435	98	
435	15	
436	373	
436	14	
437	5	
437	315	
438	239	
438	332	
439	9	
439	132	
440	8	
440	2	
441	308	
441	242	
442	13	
442	439	
443	91	
443	286	
444	43	
444	41	
445	29	
445	8	
446	20	
446	162	
447	320	
447	318	
448	5	
448	213	
449	9	
449	258	
450	43	
450	268	
451	160	
451	31	
452	77	
452	237	
453	3	
453	209	
454	23	
454	233	
455	18	
455	0	
456	5	
456	243	
457	5	
457	285	
458	5	
458	350	
459	16	
459	45	
460	22	
460	11	
461	88	
461	254	
462	68	
462	233	
463	180	
463	290	
464	406	
464	273	
465	14	
465	115	
466	9	
466	0	
467	0	
467	151	
468	435	
468	8	
469	49	
469	187	
470	49	
470	0	
471	94	
471	106	
472	283	
472	8	
473	263	
473	4	
474	42	
474	390	
475	182	
475	233	
476	94	
476	318	
477	53	
477	269	
478	61	
478	9	
479	466	
479	472	
480	364	
480	475	
481	116	
481	98	
482	105	
482	67	
483	30	
483	213	
484	455	
484	68	
485	40	
485	285	
486	2	
486	348	
487	365	
487	1	
488	8	
488	124	
489	29	
489	39	
490	1	
490	160	
491	99	
491	251	
492	278	
492	1	
493	408	
493	245	
494	362	
494	5	
495	297	
495	19	
496	315	
496	435	
497	168	
497	23	
498	231	
498	438	
499	107	
499	172	
500	218	
500	5	
501	67	
501	3	
502	276	
502	90	
503	2	
503	13	
504	490	
504	288	
505	22	
505	494	
506	351	
506	122	
507	4	
507	177	
508	292	
508	30	
509	2	
509	0	
510	355	
510	369	
511	53	
511	253	
512	72	
512	340	
513	1	
513	73	
514	101	
514	395	
515	15	
515	289	
516	0	
516	163	
517	1	
517	79	
518	0	
518	8	
519	9	
519	340	
520	402	
520	93	
521	29	
521	214	
522	138	
522	118	
523	72	
523	465	
524	387	
524	187	
525	320	
525	0	
526	178	
526	371	
527	166	
527	516	
528	5	
528	141	
529	107	
529	50	
530	295	
530	181	
531	199	
531	521	
532	369	
532	224	
533	311	
533	167	
534	340	
534	130	
535	332	
535	17	
536	12	
536	285	
537	472	
537	213	
538	13	
538	118	
539	315	
539	353	
540	19	
540	318	
541	4	
541	458	
542	216	
542	262	
543	392	
543	5	
544	14	
544	182	
545	128	
545	72	
546	365	
546	181	
547	70	
547	159	
548	243	
548	491	
549	4	
549	17	
550	31	
550	17	
551	10	
551	5	
552	529	
552	156	
553	482	
553	25	
554	20	
554	180	
555	9	
555	219	
556	342	
556	15	
557	539	
557	450	
558	366	
558	12	
559	11	
559	126	
560	239	
560	12	
561	361	
561	354	
562	13	
562	158	
563	273	
563	0	
564	393	
564	279	
565	162	
565	521	
566	441	
566	7	
567	532	
567	198	
568	20	
568	61	
569	493	
569	268	
570	46	
570	1	
571	1	
571	20	
572	42	
572	505	
573	188	
573	557	
574	25	
574	15	
575	541	
575	468	
576	41	
576	14	
577	5	
577	305	
578	243	
578	41	
579	48	
579	129	
580	138	
580	369	
581	289	
581	50	
582	94	
582	20	
583	124	
583	15	
584	208	
584	67	
585	248	
585	2	
586	67	
586	38	
587	86	
587	421	
588	29	
588	297	
589	506	
589	9	
590	48	
590	427	
591	42	
591	219	
592	278	
592	5	
593	5	
593	22	
594	41	
594	429	
595	139	
595	74	
596	155	
596	362	
597	20	
597	266	
598	446	
598	277	
599	105	
599	419	
600	184	
600	92	
601	409	
601	70	
602	230	
602	466	
603	354	
603	12	
604	531	
604	477	
605	17	
605	19	
606	274	
606	81	
607	258	
607	21	
608	19	
608	4	
609	216	
609	31	
610	136	
610	75	
611	0	
611	187	
612	209	
612	439	
613	313	
613	64	
614	202	
614	400	
615	9	
615	456	
616	72	
616	565	
617	31	
617	163	
618	213	
618	205	
619	24	
619	20	
620	122	
620	159	
621	177	
621	585	
622	48	
622	12	
623	8	
623	374	
624	620	
624	560	
625	67	
625	283	
626	460	
626	9	
627	29	
627	42	
628	14	
628	465	
629	479	
629	188	
630	8	
630	4	
631	138	
631	0	
632	2	
632	17	
633	332	
633	64	
634	2	
634	25	
635	75	
635	142	
636	251	
636	25	
637	8	
637	5	
638	106	
638	367	
639	61	
639	332	
640	614	
640	15	
641	17	
641	39	
642	80	
642	259	
643	0	
643	25	
644	183	
644	64	
645	99	
645	106	
646	80	
646	8	
647	372	
647	101	
648	120	
648	514	
649	5	
649	199	
650	5	
650	528	
651	50	
651	426	
652	7	
652	113	
653	19	
653	12	
654	187	
654	496	
655	90	
655	533	
656	484	
656	534	
657	646	
657	327	
658	21	
658	146	
659	332	
659	140	
660	303	
660	120	
661	1	
661	624	
662	160	
662	327	
663	570	
663	253	
664	8	
664	183	
665	29	
665	428	
666	2	
666	408	
667	319	
667	172	
668	60	
668	4	
669	1	
669	272	
670	140	
670	81	
671	609	
671	222	
672	9	
672	555	
673	268	
673	233	
674	524	
674	120	
675	48	
675	153	
676	122	
676	656	
677	205	
677	13	
678	575	
678	419	
679	105	
679	243	
680	156	
680	20	
681	2	
681	263	
682	216	
682	29	
683	371	
683	31	
684	129	
684	482	
685	515	
685	599	
686	41	
686	34	
687	32	
687	105	
688	2	
688	278	
689	1	
689	105	
690	12	
690	122	
691	15	
691	11	
692	88	
692	158	
693	378	
693	477	
694	94	
694	142	
695	9	
695	346	
696	303	
696	332	
697	146	
697	143	
698	206	
698	386	
699	12	
699	8	
700	153	
700	1	
701	3	
701	77	
702	59	
702	338	
703	671	
703	125	
704	319	
704	19	
705	10	
705	199	
706	4	
706	223	
707	90	
707	410	
708	522	
708	2	
709	143	
709	365	
710	515	
710	656	
711	270	
711	368	
712	276	
712	132	
713	139	
713	303	
714	17	
714	0	
715	18	
715	256	
716	12	
716	269	
717	631	
717	4	
718	29	
718	2	
719	121	
719	12	
720	508	
720	69	
721	631	
721	57	
722	702	
722	5	
723	98	
723	2	
724	4	
724	172	
725	209	
725	177	
726	286	
726	367	
727	573	
727	481	
728	5	
728	184	
729	724	
729	167	
730	666	
730	492	
731	284	
731	276	
732	2	
732	25	
733	584	
733	26	
734	653	
734	454	
735	82	
735	147	
736	12	
736	151	
737	141	
737	608	
738	185	
738	106	
739	41	
739	4	
740	618	
740	40	
741	601	
741	368	
742	50	
742	53	
743	184	
743	240	
744	214	
744	302	
745	12	
745	5	
746	285	
746	17	
747	454	
747	170	
748	162	
748	8	
749	76	
749	485	
750	325	
750	228	
751	5	
751	263	
752	0	
752	303	
753	354	
753	172	
754	205	
754	1	
755	254	
755	103	
756	9	
756	151	
757	162	
757	530	
758	298	
758	109	
759	214	
759	712	
760	50	
760	40	
761	693	
761	243	
762	30	
762	29	
763	186	
763	602	
764	205	
764	32	
765	366	
765	436	
766	578	
766	12	
767	197	
767	56	
768	259	
768	285	
769	446	
769	1	
770	29	
770	386	
771	166	
771	573	
772	17	
772	536	
773	19	
773	43	
774	519	
774	620	
775	284	
775	130	
776	99	
776	106	
777	201	
777	593	
778	5	
778	30	
779	12	
779	740	
780	5	
780	17	
781	167	
781	631	
782	77	
782	212	
783	741	
783	295	
784	538	
784	445	
785	463	
785	199	
786	4	
786	77	
787	236	
787	588	
788	101	
788	556	
789	4	
789	40	
790	41	
790	572	
791	614	
791	384	
792	319	
792	414	
793	693	
793	644	
794	481	
794	315	
795	323	
795	48	
796	565	
796	23	
797	12	
797	744	
798	5	
798	499	
799	130	
799	8	
800	192	
800	8	
801	567	
801	419	
802	493	
802	627	
803	0	
803	8	
804	434	
804	232	
805	8	
805	787	
806	283	
806	158	
807	1	
807	2	
808	450	
808	364	
809	119	
809	157	
810	30	
810	4	
811	146	
811	377	
812	37	
812	21	
813	42	
813	287	
814	168	
814	32	
815	44	
815	331	
816	5	
816	93	
817	13	
817	158	
818	140	
818	266	
819	236	
819	439	
820	12	
820	348	
821	107	
821	277	
822	573	
822	0	
823	47	
823	2	
824	5	
824	40	
825	2	
825	19	
826	251	
826	59	
827	172	
827	278	
828	192	
828	427	
829	112	
829	97	
830	4	
830	41	
831	199	
831	255	
832	671	
832	577	
833	671	
833	65	
834	46	
834	437	
835	121	
835	60	
836	19	
836	284	
837	734	
837	1	
838	32	
838	4	
839	77	
839	454	
840	596	
840	7	
841	9	
841	439	
842	37	
842	22	
843	42	
843	419	
844	306	
844	0	
845	8	
845	362	
846	529	
846	155	
847	328	
847	269	
848	1	
848	280	
849	77	
849	604	
850	668	
850	599	
851	75	
851	418	
852	55	
852	120	
853	731	
853	41	
854	59	
854	46	
855	198	
855	249	
856	0	
856	283	
857	661	
857	286	
858	816	
858	636	
859	576	
859	29	
860	139	
860	722	
861	5	
861	695	
862	574	
862	230	
863	433	
863	559	
864	94	
864	42	
865	377	
865	265	
866	21	
866	276	
867	319	
867	105	
868	302	
868	460	
869	201	
869	1	
870	582	
870	138	
871	269	
871	64	
872	74	
872	406	
873	292	
873	19	
874	550	
874	249	
875	484	
875	345	
876	167	
876	850	
877	787	
877	93	
878	295	
878	140	
879	74	
879	568	
880	187	
880	12	
881	43	
881	549	
882	67	
882	446	
883	11	
883	872	
884	9	
884	0	
885	534	
885	5	
886	782	
886	197	
887	686	
887	32	
888	68	
888	4	
889	268	
889	582	
890	854	
890	295	
891	9	
891	828	
892	4	
892	138	
893	151	
893	11	
894	622	
894	12	
895	233	
895	231	
896	614	
896	46	
897	120	
897	608	
898	351	
898	45	
899	29	
899	561	
900	290	
900	29	
901	1	
901	4	
902	0	
902	314	
903	86	
903	846	
904	63	
904	897	
905	9	
905	472	
906	8	
906	276	
907	283	
907	280	
908	162	
908	887	
909	25	
909	120	
910	297	
910	755	
911	854	
911	55	
912	373	
912	26	
913	151	
913	637	
914	780	
914	60	
915	498	
915	91	
916	231	
916	915	
917	199	
917	223	
918	429	
918	4	
919	61	
919	319	
920	119	
920	196	
921	394	
921	2	
922	916	
922	15	
923	44	
923	31	
924	172	
924	56	
925	2	
925	1	
926	9	
926	8	
927	647	
927	623	
928	754	
928	60	
929	508	
929	782	
930	15	
930	5	
931	17	
931	291	
932	30	
932	488	
933	122	
933	607	
934	773	
934	75	
935	419	
935	288	
936	162	
936	5	
937	304	
937	621	
938	615	
938	33	
939	644	
939	5	
940	580	
940	128	
941	534	
941	1	
942	1	
942	41	
943	630	
943	109	
944	120	
944	162	
945	589	
945	3	
946	325	
946	7	
947	162	
947	790	
948	559	
948	122	
949	1	
949	112	
950	756	
950	787	
951	917	
951	503	
952	9	
952	8	
953	86	
953	917	
954	878	
954	551	
955	292	
955	588	
956	898	
956	12	
957	13	
957	9	
958	14	
958	871	
959	13	
959	157	
960	311	
960	46	
961	0	
961	14	
962	621	
962	785	
963	960	
963	16	
964	5	
964	286	
965	601	
965	127	
966	12	
966	395	
967	26	
967	122	
968	734	
968	203	
969	93	
969	143	
970	12	
970	893	
971	23	
971	81	
972	45	
972	0	
973	3	
973	2	
974	388	
974	9	
975	295	
975	920	
976	758	
976	950	
977	744	
977	971	
978	364	
978	54	
979	826	
979	230	
980	556	
980	324	
981	0	
981	1	
982	172	
982	164	
983	672	
983	13	
984	854	
984	563	
985	8	
985	629	
986	77	
986	12	
987	938	
987	2	
988	389	
988	12	
989	128	
989	140	
990	843	
990	472	
991	127	
991	170	
992	142	
992	315	
993	802	
993	97	
994	14	
994	3	
995	519	
995	265	
996	56	
996	165	
997	6	
997	140	
998	659	
998	68	
999	901	
999	14	
1000	72	
1000	39	
1001	29	
1001	780	
1002	521	
1002	560	
1003	567	
1003	653	
1004	975	
1004	58	
1005	0	
1005	452	
1006	479	
1006	704	
1007	143	
1007	284	
1008	970	
1008	317	
1009	389	
1009	548	
1010	626	
1010	112	
1011	246	
1011	61	
1012	632	
1012	417	
1013	199	
1013	159	
1014	427	
1014	215	
1015	13	
1015	755	
1016	538	
1016	562	
1017	15	
1017	31	
1018	906	
1018	205	
1019	755	
1019	683	
1020	817	
1020	727	
1021	816	
1021	106	
1022	900	
1022	731	
1023	948	
1023	271	
1024	119	
1024	31	
1025	414	
1025	599	
1026	44	
1026	120	
1027	738	
1027	13	
1028	126	
1028	295	
1029	302	
1029	958	
1030	313	
1030	120	
1031	269	
1031	29	
1032	693	
1032	815	
1033	307	
1033	46	
1034	623	
1034	2	
1035	23	
1035	505	
1036	577	
1036	983	
1037	1	
1037	482	
1038	884	
1038	20	
1039	1012	
1039	955	
1040	914	
1040	120	
1041	291	
1041	731	
1042	183	
1042	192	
1043	880	
1043	966	
1044	557	
1044	1	
1045	820	
1045	760	
1046	202	
1046	214	
1047	560	
1047	190	
1048	865	
1048	773	
1049	2	
1049	136	
1050	108	
1050	205	
1051	9	
1051	229	
1052	534	
1052	163	
1053	146	
1053	975	
1054	29	
1054	187	
1055	811	
1055	787	
1056	1031	
1056	303	
1057	974	
1057	78	
1058	392	
1058	12	
1059	149	
1059	1002	
1060	221	
1060	493	
1061	997	
1061	598	
1062	254	
1062	249	
1063	985	
1063	80	
1064	11	
1064	280	
1065	61	
1065	835	
1066	1015	
1066	651	
1067	364	
1067	332	
1068	577	
1068	284	
1069	0	
1069	102	
1070	338	
1070	150	
1071	338	
1071	436	
1072	285	
1072	1044	
1073	350	
1073	138	
1074	107	
1074	9	
1075	202	
1075	700	
1076	867	
1076	573	
1077	138	
1077	61	
1078	22	
1078	77	
1079	930	
1079	834	
1080	138	
1080	163	
1081	857	
1081	1046	
1082	158	
1082	97	
1083	8	
1083	755	
1084	314	
1084	172	
1085	1061	
1085	664	
1086	23	
1086	981	
1087	319	
1087	9	
1088	120	
1088	293	
1089	8	
1089	37	
1090	133	
1090	42	
1091	754	
1091	272	
1092	17	
1092	4	
1093	439	
1093	817	
1094	48	
1094	780	
1095	825	
1095	566	
1096	117	
1096	478	
1097	465	
1097	653	
1098	271	
1098	203	
1099	427	
1099	282	
1100	478	
1100	637	
1101	181	
1101	109	
1102	158	
1102	48	
1103	758	
1103	263	
1104	0	
1104	492	
1105	48	
1105	846	
1106	701	
1106	214	
1107	744	
1107	285	
1108	13	
1108	48	
1109	187	
1109	1069	
1110	541	
1110	117	
1111	327	
1111	601	
1112	269	
1112	17	
1113	93	
1113	61	
1114	319	
1114	610	
1115	566	
1115	65	
1116	145	
1116	1046	
1117	172	
1117	699	
1118	859	
1118	212	
1119	985	
1119	188	
1120	945	
1120	358	
1121	643	
1121	120	
1122	0	
1122	1004	
1123	40	
1123	546	
1124	292	
1124	198	
1125	127	
1125	971	
1126	893	
1126	4	
1127	93	
1127	69	
1128	9	
1128	145	
1129	392	
1129	123	
1130	1	
1130	1021	
1131	194	
1131	12	
1132	613	
1132	4	
1133	12	
1133	1031	
1134	406	
1134	1096	
1135	1038	
1135	957	
1136	31	
1136	4	
1137	249	
1137	214	
1138	477	
1138	1	
1139	112	
1139	105	
1140	685	
1140	285	
1141	8	
1141	966	
1142	177	
1142	272	
1143	983	
1143	2	
1144	41	
1144	209	
1145	147	
1145	835	
1146	625	
1146	1041	
1147	128	
1147	386	
1148	450	
1148	574	
1149	668	
1149	270	
1150	734	
1150	188	
1151	268	
1151	216	
1152	655	
1152	417	
1153	32	
1153	1096	
1154	465	
1154	17	
1155	1	
1155	17	
1156	1146	
1156	160	
1157	5	
1157	8	
1158	75	
1158	785	
1159	42	
1159	419	
1160	25	
1160	216	
1161	302	
1161	644	
1162	727	
1162	420	
1163	288	
1163	534	
1164	74	
1164	351	
1165	1090	
1165	1101	
1166	202	
1166	504	
1167	809	
1167	119	
1168	128	
1168	708	
1169	450	
1169	31	
1170	1017	
1170	573	
1171	966	
1171	518	
1172	4	
1172	1017	
1173	219	
1173	15	
1174	23	
1174	902	
1175	119	
1175	950	
1176	2	
1176	571	
1177	1119	
1177	184	
1178	504	
1178	894	
1179	25	
1179	103	
1180	624	
1180	672	
1181	917	
1181	1019	
1182	916	
1182	15	
1183	137	
1183	162	
1184	3	
1184	12	
1185	1092	
1185	740	
1186	19	
1186	90	
1187	236	
1187	14	
1188	315	
1188	323	
1189	1038	
1189	1098	
1190	13	
1190	310	
1191	128	
1191	256	
1192	15	
1192	2	
1193	691	
1193	127	
1194	970	
1194	120	
1195	67	
1195	576	
1196	673	
1196	495	
1197	448	
1197	657	
1198	773	
1198	13	
1199	487	
1199	31	
1200	29	
1200	14	
1201	279	
1201	47	
1202	663	
1202	48	
1203	329	
1203	15	
1204	917	
1204	1142	
1205	203	
1205	97	
1206	62	
1206	621	
1207	454	
1207	262	
1208	69	
1208	187	
1209	119	
1209	249	
1210	2	
1210	560	
1211	873	
1211	860	
1212	503	
1212	340	
1213	259	
1213	719	
1214	157	
1214	140	
1215	743	
1215	783	
1216	829	
1216	722	
1217	434	
1217	320	
1218	761	
1218	292	
1219	249	
1219	4	
1220	62	
1220	9	
1221	481	
1221	12	
1222	727	
1222	1123	
1223	1047	
1223	876	
1224	811	
1224	676	
1225	1209	
1225	1144	
1226	675	
1226	40	
1227	249	
1227	297	
1228	168	
1228	775	
1229	505	
1229	521	
1230	981	
1230	4	
1231	67	
1231	4	
1232	692	
1232	0	
1233	441	
1233	3	
1234	346	
1234	503	
1235	1015	
1235	1	
1236	219	
1236	726	
1237	58	
1237	639	
1238	12	
1238	90	
1239	252	
1239	122	
1240	986	
1240	5	
1241	4	
1241	143	
1242	848	
1242	537	
1243	1163	
1243	48	
1244	392	
1244	762	
1245	67	
1245	115	
1246	967	
1246	4	
1247	1034	
1247	387	
1248	158	
1248	948	
1249	616	
1249	198	
1250	184	
1250	585	
1251	0	
1251	970	
1252	946	
1252	773	
1253	560	
1253	892	
1254	50	
1254	746	
1255	188	
1255	64	
1256	209	
1256	562	
1257	141	
1257	84	
1258	168	
1258	631	
1259	120	
1259	301	
1260	1059	
1260	112	
1261	1111	
1261	1172	
1262	536	
1262	5	
1263	640	
1263	671	
1264	190	
1264	1	
1265	286	
1265	1012	
1266	50	
1266	70	
1267	593	
1267	641	
1268	141	
1268	733	
1269	811	
1269	577	
1270	970	
1270	959	
1271	153	
1271	70	
1272	864	
1272	1010	
1273	1247	
1273	46	
1274	37	
1274	183	
1275	1007	
1275	11	
1276	541	
1276	676	
1277	2	
1277	1146	
1278	637	
1278	198	
1279	598	
1279	427	
1280	551	
1280	438	
1281	283	
1281	775	
1282	150	
1282	414	
1283	412	
1283	600	
1284	15	
1284	351	
1285	65	
1285	293	
1286	959	
1286	18	
1287	77	
1287	1209	
1288	198	
1288	655	
1289	504	
1289	1118	
1290	285	
1290	12	
1291	909	
1291	1238	
1292	251	
1292	158	
1293	166	
1293	805	
1294	472	
1294	0	
1295	231	
1295	107	
1296	743	
1296	128	
1297	904	
1297	1040	
1298	659	
1298	101	
1299	1123	
1299	50	
1300	65	
1300	183	
1301	198	
1301	123	
1302	142	
1302	199	
1303	1196	
1303	13	
1304	75	
1304	0	
1305	908	
1305	1040	
1306	21	
1306	236	
1307	888	
1307	181	
1308	851	
1308	1072	
1309	1196	
1309	454	
1310	77	
1310	197	
1311	616	
1311	1060	
1312	932	
1312	5	
1313	119	
1313	106	
1314	306	
1314	13	
1315	921	
1315	187	
1316	609	
1316	304	
1317	1182	
1317	153	
1318	1226	
1318	916	
1319	8	
1319	4	
1320	389	
1320	433	
1321	321	
1321	639	
1322	563	
1322	87	
1323	111	
1323	40	
1324	96	
1324	2	
1325	23	
1325	519	
1326	12	
1326	283	
1327	1250	
1327	12	
1328	8	
1328	411	
1329	1076	
1329	14	
1330	196	
1330	59	
1331	12	
1331	1113	
1332	326	
1332	1228	
1333	1020	
1333	1130	
1334	1264	
1334	5	
1335	4	
1335	871	
1336	282	
1336	9	
1337	857	
1337	9	
1338	1174	
1338	1216	
1339	293	
1339	1286	
1340	228	
1340	111	
1341	419	
1341	127	
1342	19	
1342	406	
1343	478	
1343	81	
1344	603	
1344	270	
1345	1182	
1345	759	
1346	548	
1346	15	
1347	206	
1347	52	
1348	871	
1348	858	
1349	235	
1349	417	
1350	11	
1350	13	
1351	3	
1351	59	
1352	40	
1352	25	
1353	0	
1353	362	
1354	79	
1354	199	
1355	1285	
1355	941	
1356	13	
1356	5	
1357	69	
1357	1027	
1358	178	
1358	546	
1359	165	
1359	964	
1360	120	
1360	1347	
1361	587	
1361	1356	
1362	865	
1362	6	
1363	127	
1363	633	
1364	1084	
1364	12	
1365	1101	
1365	538	
1366	231	
1366	1	
1367	11	
1367	5	
1368	160	
1368	134	
1369	336	
1369	253	
1370	126	
1370	917	
1371	3	
1371	21	
1372	1052	
1372	967	
1373	18	
1373	142	
1374	2	
1374	1214	
1375	5	
1375	1016	
1376	435	
1376	1220	
1377	321	
1377	854	
1378	444	
1378	151	
1379	1147	
1379	114	
1380	5	
1380	825	
1381	824	
1381	160	
1382	865	
1382	811	
1383	1319	
1383	97	
1384	1360	
1384	105	
1385	939	
1385	67	
1386	644	
1386	156	
1387	704	
1387	2	
1388	975	
1388	152	
1389	1142	
1389	8	
1390	12	
1390	31	
1391	691	
1391	1	
1392	524	
1392	1188	
1393	5	
1393	923	
1394	58	
1394	19	
1395	197	
1395	915	
1396	3	
1396	306	
1397	17	
1397	510	
1398	302	
1398	864	
1399	133	
1399	22	
1400	273	
1400	144	
1401	156	
1401	1	
1402	153	
1402	125	
1403	29	
1403	31	
1404	31	
1404	112	
1405	492	
1405	76	
1406	358	
1406	793	
1407	77	
1407	589	
1408	725	
1408	187	
1409	166	
1409	274	
1410	1150	
1410	74	
1411	742	
1411	265	
1412	269	
1412	538	
1413	14	
1413	93	
1414	14	
1414	220	
1415	235	
1415	4	
1416	1226	
1416	2	
1417	506	
1417	236	
1418	582	
1418	1034	
1419	81	
1419	119	
1420	1285	
1420	722	
1421	213	
1421	272	
1422	517	
1422	1085	
1423	150	
1423	9	
1424	4	
1424	1397	
1425	280	
1425	481	
1426	55	
1426	27	
1427	536	
1427	249	
1428	906	
1428	997	
1429	1	
1429	763	
1430	871	
1430	746	
1431	71	
1431	156	
1432	493	
1432	86	
1433	120	
1433	481	
1434	197	
1434	1169	
1435	292	
1435	22	
1436	32	
1436	1158	
1437	664	
1437	1027	
1438	16	
1438	417	
1439	70	
1439	825	
1440	746	
1440	880	
1441	608	
1441	585	
1442	12	
1442	50	
1443	195	
1443	2	
1444	416	
1444	8	
1445	93	
1445	1244	
1446	1172	
1446	547	
1447	219	
1447	236	
1448	277	
1448	13	
1449	118	
1449	49	
1450	772	
1450	25	
1451	1322	
1451	393	
1452	748	
1452	268	
1453	1350	
1453	23	
1454	88	
1454	372	
1455	1188	
1455	3	
1456	709	
1456	0	
1457	198	
1457	470	
1458	1444	
1458	297	
1459	1427	
1459	477	
1460	1	
1460	450	
1461	280	
1461	154	
1462	183	
1462	808	
1463	31	
1463	746	
1464	289	
1464	2	
1465	500	
1465	354	
1466	114	
1466	8	
1467	431	
1467	78	
1468	208	
1468	33	
1469	1252	
1469	493	
1470	433	
1470	167	
1471	1308	
1471	246	
1472	1158	
1472	66	
1473	63	
1473	1087	
1474	639	
1474	964	
1475	12	
1475	195	
1476	332	
1476	890	
1477	153	
1477	1241	
1478	249	
1478	434	
1479	319	
1479	744	
1480	309	
1480	727	
1481	176	
1481	68	
1482	2	
1482	1314	
1483	715	
1483	25	
1484	1138	
1484	90	
1485	216	
1485	1191	
1486	1404	
1486	188	
1487	551	
1487	172	
1488	12	
1488	107	
1489	1268	
1489	417	
1490	126	
1490	1177	
1491	0	
1491	938	
1492	11	
1492	378	
1493	976	
1493	67	
1494	846	
1494	81	
1495	1228	
1495	1185	
1496	81	
1496	9	
1497	1227	
1497	667	
1498	230	
1498	938	
1499	406	
1499	16	
1500	975	
1500	11	
1501	173	
1501	222	
1502	1266	
1502	703	
1503	975	
1503	182	
1504	3	
1504	101	
1505	223	
1505	17	
1506	393	
1506	21	
1507	632	
1507	76	
1508	1249	
1508	1027	
1509	1387	
1509	131	
1510	284	
1510	1076	
1511	749	
1511	959	
1512	285	
1512	315	
1513	826	
1513	604	
1514	33	
1514	283	
1515	1013	
1515	8	
1516	725	
1516	246	
1517	1321	
1517	1185	
1518	35	
1518	50	
1519	12	
1519	1448	
1520	160	
1520	545	
1521	705	
1521	824	
1522	162	
1522	931	
1523	625	
1523	17	
1524	1238	
1524	5	
1525	1522	
1525	834	
1526	1472	
1526	17	
1527	880	
1527	1449	
1528	627	
1528	199	
1529	323	
1529	315	
1530	493	
1530	371	
1531	0	
1531	1407	
1532	1362	
1532	33	
1533	306	
1533	825	
1534	1277	
1534	526	
1535	846	
1535	980	
1536	359	
1536	1389	
1537	1526	
1537	1392	
1538	29	
1538	978	
1539	87	
1539	1309	
1540	1369	
1540	1117	
1541	142	
1541	653	
1542	107	
1542	693	
1543	602	
1543	1	
1544	143	
1544	573	
1545	1259	
1545	4	
1546	64	
1546	189	
1547	50	
1547	846	
1548	1258	
1548	644	
1549	203	
1549	1018	
1550	880	
1550	130	
1551	527	
1551	269	
1552	1402	
1552	124	
1553	811	
1553	1344	
1554	1042	
1554	1459	
1555	219	
1555	14	
1556	1036	
1556	9	
1557	259	
1557	746	
1558	558	
1558	1005	
1559	403	
1559	505	
1560	1085	
1560	124	
1561	1498	
1561	950	
1562	20	
1562	40	
1563	15	
1563	262	
1564	998	
1564	219	
1565	120	
1565	460	
1566	740	
1566	517	
1567	37	
1567	354	
1568	4	
1568	1126	
1569	203	
1569	178	
1570	477	
1570	1155	
1571	626	
1571	71	
1572	61	
1572	1474	
1573	0	
1573	2	
1574	722	
1574	696	
1575	124	
1575	97	
1576	393	
1576	992	
1577	1027	
1577	576	
1578	946	
1578	1283	
1579	46	
1579	2	
1580	948	
1580	61	
1581	1446	
1581	1195	
1582	17	
1582	284	
1583	780	
1583	677	
1584	2	
1584	29	
1585	620	
1585	231	
1586	1529	
1586	1013	
1587	68	
1587	1018	
1588	815	
1588	1449	
1589	1395	
1589	253	
1590	609	
1590	31	
1591	338	
1591	949	
1592	419	
1592	985	
1593	659	
1593	1554	
1594	1449	
1594	118	
1595	318	
1595	676	
1596	1206	
1596	77	
1597	167	
1597	119	
1598	1253	
1598	731	
1599	1	
1599	641	
1600	2	
1600	0	
1601	166	
1601	1031	
1602	35	
1602	1334	
1603	3	
1603	284	
1604	1103	
1604	1027	
1605	61	
1605	2	
1606	1426	
1606	1532	
1607	90	
1607	1110	
1608	1506	
1608	64	
1609	1304	
1609	1418	
1610	1403	
1610	1019	
1611	685	
1611	219	
1612	4	
1612	1137	
1613	345	
1613	947	
1614	55	
1614	1244	
1615	662	
1615	29	
1616	17	
1616	392	
1617	350	
1617	1190	
1618	482	
1618	12	
1619	658	
1619	858	
1620	1512	
1620	460	
1621	1518	
1621	809	
1622	556	
1622	586	
1623	293	
1623	48	
1624	1239	
1624	137	
1625	31	
1625	1574	
1626	208	
1626	951	
1627	21	
1627	180	
1628	32	
1628	825	
1629	635	
1629	1242	
1630	767	
1630	269	
1631	846	
1631	1539	
1632	107	
1632	1581	
1633	65	
1633	194	
1634	1547	
1634	4	
1635	64	
1635	172	
1636	301	
1636	335	
1637	487	
1637	844	
1638	1214	
1638	115	
1639	480	
1639	623	
1640	25	
1640	482	
1641	23	
1641	52	
1642	143	
1642	93	
1643	1473	
1643	800	
1644	1573	
1644	1017	
1645	41	
1645	774	
1646	230	
1646	275	
1647	8	
1647	1314	
1648	153	
1648	17	
1649	1184	
1649	612	
1650	867	
1650	72	
1651	635	
1651	1404	
1652	338	
1652	48	
1653	258	
1653	1352	
1654	451	
1654	1	
1655	825	
1655	1402	
1656	601	
1656	918	
1657	905	
1657	30	
1658	65	
1658	12	
1659	986	
1659	684	
1660	42	
1660	155	
1661	771	
1661	1031	
1662	890	
1662	1098	
1663	44	
1663	916	
1664	3	
1664	1182	
1665	1190	
1665	392	
1666	321	
1666	1229	
1667	230	
1667	68	
1668	33	
1668	559	
1669	37	
1669	707	
1670	850	
1670	780	
1671	889	
1671	1509	
1672	1551	
1672	1548	
1673	1603	
1673	1642	
1674	1547	
1674	1551	
1675	1490	
1675	261	
1676	171	
1676	1046	
1677	1175	
1677	177	
1678	569	
1678	160	
1679	41	
1679	213	
1680	23	
1680	198	
1681	1151	
1681	250	
1682	88	
1682	1647	
1683	729	
1683	1490	
1684	554	
1684	1038	
1685	655	
1685	1185	
1686	1586	
1686	1173	
1687	8	
1687	573	
1688	1301	
1688	542	
1689	8	
1689	229	
1690	1189	
1690	107	
1691	363	
1691	77	
1692	1406	
1692	2	
1693	446	
1693	1572	
1694	48	
1694	269	
1695	1181	
1695	734	
1696	51	
1696	20	
1697	551	
1697	84	
1698	539	
1698	295	
1699	124	
1699	1304	
1700	664	
1700	107	
1701	865	
1701	1404	
1702	120	
1702	1266	
1703	1230	
1703	853	
1704	1305	
1704	38	
1705	236	
1705	386	
1706	465	
1706	41	
1707	1692	
1707	273	
1708	182	
1708	12	
1709	908	
1709	1377	
1710	62	
1710	204	
1711	646	
1711	487	
1712	811	
1712	1598	
1713	1676	
1713	368	
1714	158	
1714	975	
1715	917	
1715	1158	
1716	40	
1716	858	
1717	478	
1717	1164	
1718	1594	
1718	1479	
1719	1210	
1719	113	
1720	273	
1720	825	
1721	259	
1721	2	
1722	12	
1722	824	
1723	1226	
1723	112	
1724	1319	
1724	214	
1725	731	
1725	1252	
1726	865	
1726	67	
1727	639	
1727	1542	
1728	1	
1728	1433	
1729	60	
1729	9	
1730	1040	
1730	194	
1731	29	
1731	644	
1732	1555	
1732	19	
1733	172	
1733	8	
1734	1192	
1734	1626	
1735	363	
1735	72	
1736	1153	
1736	173	
1737	1075	
1737	133	
1738	6	
1738	569	
1739	1631	
1739	21	
1740	986	
1740	340	
1741	646	
1741	10	
1742	36	
1742	1130	
1743	573	
1743	1353	
1744	444	
1744	149	
1745	297	
1745	644	
1746	772	
1746	195	
1747	182	
1747	12	
1748	707	
1748	1135	
1749	448	
1749	820	
1750	2	
1750	898	
1751	1144	
1751	577	
1752	223	
1752	533	
1753	250	
1753	0	
1754	186	
1754	215	
1755	0	
1755	280	
1756	6	
1756	150	
1757	12	
1757	269	
1758	340	
1758	997	
1759	1470	
1759	206	
1760	205	
1760	966	
1761	8	
1761	6	
1762	7	
1762	840	
1763	924	
1763	60	
1764	1051	
1764	157	
1765	740	
1765	65	
1766	41	
1766	762	
1767	666	
1767	207	
1768	75	
1768	17	
1769	37	
1769	521	
1770	61	
1770	243	
1771	81	
1771	427	
1772	1238	
1772	12	
1773	997	
1773	12	
1774	1300	
1774	336	
1775	915	
1775	265	
1776	802	
1776	23	
1777	875	
1777	5	
1778	465	
1778	11	
1779	322	
1779	1195	
1780	1254	
1780	367	
1781	354	
1781	959	
1782	71	
1782	9	
1783	127	
1783	673	
1784	340	
1784	8	
1785	109	
1785	894	
1786	255	
1786	959	
1787	577	
1787	1236	
1788	1728	
1788	190	
1789	242	
1789	4	
1790	8	
1790	5	
1791	862	
1791	9	
1792	421	
1792	809	
1793	1	
1793	834	
1794	1467	
1794	5	
1795	97	
1795	1554	
1796	74	
1796	283	
1797	1194	
1797	1388	
1798	586	
1798	5	
1799	1277	
1799	354	
1800	2	
1800	971	
1801	1623	
1801	1402	
1802	0	
1802	162	
1803	702	
1803	1464	
1804	202	
1804	1076	
1805	1520	
1805	703	
1806	67	
1806	559	
1807	81	
1807	533	
1808	984	
1808	1139	
1809	1456	
1809	614	
1810	619	
1810	1293	
1811	548	
1811	504	
1812	46	
1812	539	
1813	1056	
1813	1163	
1814	2	
1814	329	
1815	2	
1815	1768	
1816	1284	
1816	897	
1817	920	
1817	1761	
1818	665	
1818	1078	
1819	747	
1819	68	
1820	751	
1820	383	
1821	464	
1821	1006	
1822	1018	
1822	803	
1823	216	
1823	1432	
1824	113	
1824	117	
1825	241	
1825	1572	
1826	122	
1826	524	
1827	330	
1827	696	
1828	1491	
1828	573	
1829	433	
1829	46	
1830	1216	
1830	1283	
1831	74	
1831	259	
1832	865	
1832	1321	
1833	19	
1833	365	
1834	12	
1834	608	
1835	502	
1835	141	
1836	494	
1836	981	
1837	269	
1837	1340	
1838	696	
1838	1474	
1839	1084	
1839	163	
1840	1115	
1840	9	
1841	684	
1841	341	
1842	12	
1842	1628	
1843	760	
1843	114	
1844	476	
1844	303	
1845	194	
1845	72	
1846	527	
1846	861	
1847	279	
1847	1199	
1848	106	
1848	227	
1849	1679	
1849	112	
1850	1277	
1850	1618	
1851	1265	
1851	900	
1852	516	
1852	53	
1853	1842	
1853	1623	
1854	17	
1854	616	
1855	1252	
1855	1783	
1856	1700	
1856	594	
1857	1669	
1857	205	
1858	702	
1858	938	
1859	563	
1859	521	
1860	1741	
1860	250	
1861	1173	
1861	812	
1862	63	
1862	30	
1863	123	
1863	445	
1864	19	
1864	811	
1865	20	
1865	1433	
1866	586	
1866	1452	
1867	1146	
1867	4	
1868	16	
1868	950	
1869	1570	
1869	478	
1870	1800	
1870	1084	
1871	523	
1871	41	
1872	230	
1872	158	
1873	1505	
1873	280	
1874	1102	
1874	82	
1875	67	
1875	566	
1876	75	
1876	1683	
1877	556	
1877	1151	
1878	100	
1878	74	
1879	32	
1879	849	
1880	1303	
1880	421	
1881	935	
1881	257	
1882	320	
1882	67	
1883	119	
1883	1715	
1884	795	
1884	444	
1885	1463	
1885	646	
1886	215	
1886	197	
1887	541	
1887	13	
1888	323	
1888	29	
1889	12	
1889	1539	
1890	1575	
1890	854	
1891	174	
1891	393	
1892	3	
1892	1764	
1893	268	
1893	286	
1894	447	
1894	751	
1895	4	
1895	751	
1896	1181	
1896	1274	
1897	1572	
1897	162	
1898	1829	
1898	393	
1899	1135	
1899	13	
1900	272	
1900	1728	
1901	1167	
1901	1084	
1902	1018	
1902	1580	
1903	42	
1903	12	
1904	549	
1904	116	
1905	236	
1905	948	
1906	1283	
1906	0	
1907	88	
1907	365	
1908	46	
1908	521	
1909	156	
1909	1336	
1910	55	
1910	1632	
1911	685	
1911	876	
1912	177	
1912	1846	
1913	32	
1913	1061	
1914	77	
1914	1	
1915	534	
1915	44	
1916	491	
1916	1421	
1917	867	
1917	19	
1918	11	
1918	1714	
1919	289	
1919	419	
1920	1740	
1920	4	
1921	794	
1921	31	
1922	831	
1922	1917	
1923	1751	
1923	967	
1924	101	
1924	1803	
1925	283	
1925	1812	
1926	1805	
1926	350	
1927	15	
1927	33	
1928	748	
1928	563	
1929	1706	
1929	219	
1930	439	
1930	0	
1931	229	
1931	1476	
1932	9	
1932	81	
1933	1076	
1933	183	
1934	1119	
1934	792	
1935	1434	
1935	654	
1936	1471	
1936	119	
1937	5	
1937	20	
1938	1854	
1938	41	
1939	60	
1939	468	
1940	1119	
1940	1870	
1941	1815	
1941	70	
1942	1578	
1942	105	
1943	564	
1943	345	
1944	1410	
1944	198	
1945	1929	
1945	117	
1946	604	
1946	227	
1947	1090	
1947	1879	
1948	13	
1948	184	
1949	268	
1949	485	
1950	503	
1950	1794	
1951	1396	
1951	1287	
1952	265	
1952	1391	
1953	1577	
1953	8	
1954	1219	
1954	1242	
1955	101	
1955	5	
1956	59	
1956	487	
1957	427	
1957	401	
1958	365	
1958	82	
1959	490	
1959	1623	
1960	5	
1960	454	
1961	48	
1961	36	
1962	783	
1962	1073	
1963	1493	
1963	152	
1964	404	
1964	1046	
1965	9	
1965	263	
1966	455	
1966	965	
1967	163	
1967	701	
1968	380	
1968	14	
1969	695	
1969	1662	
1970	426	
1970	1963	
1971	9	
1971	1030	
1972	1433	
1972	1030	
1973	448	
1973	66	
1974	364	
1974	2	
1975	133	
1975	3	
1976	41	
1976	332	
1977	423	
1977	139	
1978	160	
1978	869	
1979	578	
1979	672	
1980	1739	
1980	203	
1981	539	
1981	42	
1982	122	
1982	291	
1983	1268	
1983	262	
1984	1919	
1984	678	
1985	1025	
1985	55	
1986	1262	
1986	832	
1987	259	
1987	1293	
1988	1	
1988	43	
1989	1120	
1989	324	
1990	46	
1990	22	
1991	1172	
1991	139	
1992	2	
1992	1384	
1993	4	
1993	246	
1994	572	
1994	268	
1995	77	
1995	1074	
1996	127	
1996	114	
1997	580	
1997	795	
1998	1268	
1998	274	
1999	802	
1999	771	
2000	1294	
2000	18	
2001	2	
2001	1446	
2002	1955	
2002	270	
2003	286	
2003	948	
2004	1384	
2004	726	
2005	69	
2005	825	
2006	183	
2006	1031	
2007	695	
2007	14	
2008	328	
2008	993	
2009	116	
2009	966	
2010	1172	
2010	1672	
2011	0	
2011	780	
2012	1	
2012	1618	
2013	19	
2013	5	
2014	494	
2014	1177	
2015	959	
2015	1469	
2016	773	
2016	1352	
2017	339	
2017	491	
2018	862	
2018	800	
2019	12	
2019	1120	
2020	257	
2020	12	
2021	1570	
2021	1704	
2022	1773	
2022	1323	
2023	1861	
2023	8	
2024	1948	
2024	156	
2025	577	
2025	12	
2026	1257	
2026	18	
2027	1038	
2027	36	
2028	1128	
2028	2013	
2029	315	
2029	156	
2030	22	
2030	407	
2031	609	
2031	814	
2032	2	
2032	12	
2033	1817	
2033	53	
2034	1247	
2034	774	
2035	13	
2035	340	
2036	670	
2036	1946	
2037	2	
2037	1476	
2038	631	
2038	67	
2039	1282	
2039	1084	
2040	188	
2040	15	
2041	614	
2041	1640	
2042	1385	
2042	689	
2043	1198	
2043	138	
2044	1470	
2044	573	
2045	981	
2045	854	
2046	1581	
2046	15	
2047	364	
2047	539	
2048	673	
2048	786	
2049	1411	
2049	554	
2050	1352	
2050	218	
2051	901	
2051	42	
2052	230	
2052	1636	
2053	0	
2053	632	
2054	4	
2054	363	
2055	839	
2055	935	
2056	1526	
2056	2041	
2057	9	
2057	2015	
2058	504	
2058	974	
2059	127	
2059	1814	
2060	920	
2060	1144	
2061	390	
2061	2	
2062	269	
2062	65	
2063	88	
2063	15	
2064	942	
2064	238	
2065	389	
2065	889	
2066	660	
2066	653	
2067	1010	
2067	439	
2068	414	
2068	1138	
2069	268	
2069	927	
2070	1038	
2070	1513	
2071	993	
2071	565	
2072	2	
2072	7	
2073	9	
2073	1253	
2074	1382	
2074	780	
2075	1767	
2075	63	
2076	366	
2076	74	
2077	127	
2077	1500	
2078	703	
2078	1819	
2079	410	
2079	5	
2080	939	
2080	575	
2081	168	
2081	135	
2082	138	
2082	1501	
2083	1297	
2083	1467	
2084	717	
2084	1029	
2085	1246	
2085	285	
2086	133	
2086	809	
2087	1433	
2087	1772	
2088	15	
2088	960	
2089	867	
2089	71	
2090	113	
2090	176	
2091	65	
2091	2	
2092	149	
2092	1087	
2093	1716	
2093	8	
2094	1799	
2094	282	
2095	197	
2095	2	
2096	1343	
2096	959	
2097	8	
2097	623	
2098	636	
2098	641	
2099	53	
2099	1524	
2100	233	
2100	123	
2101	12	
2101	317	
2102	1353	
2102	804	
2103	703	
2103	704	
2104	156	
2104	539	
2105	3	
2105	1076	
2106	740	
2106	475	
2107	13	
2107	635	
2108	124	
2108	354	
2109	216	
2109	31	
2110	118	
2110	173	
2111	939	
2111	1098	
2112	100	
2112	772	
2113	825	
2113	112	
2114	457	
2114	1253	
2115	1123	
2115	11	
2116	92	
2116	24	
2117	203	
2117	1970	
2118	1580	
2118	619	
2119	14	
2119	65	
2120	895	
2120	509	
2121	970	
2121	232	
2122	20	
2122	913	
2123	285	
2123	1451	
2124	202	
2124	968	
2125	739	
2125	12	
2126	1120	
2126	157	
2127	0	
2127	1600	
2128	2044	
2128	304	
2129	1832	
2129	787	
2130	452	
2130	369	
2131	0	
2131	33	
2132	827	
2132	280	
2133	794	
2133	1588	
2134	286	
2134	1564	
2135	120	
2135	549	
2136	106	
2136	1554	
2137	29	
2137	758	
2138	502	
2138	25	
2139	315	
2139	0	
2140	216	
2140	50	
2141	1809	
2141	438	
2142	1	
2142	1015	
2143	563	
2143	119	
2144	4	
2144	334	
2145	42	
2145	433	
2146	314	
2146	63	
2147	86	
2147	985	
2148	1588	
2148	172	
2149	160	
2149	327	
2150	934	
2150	1488	
2151	529	
2151	195	
2152	1837	
2152	20	
2153	31	
2153	645	
2154	1156	
2154	2032	
2155	61	
2155	136	
2156	4	
2156	1533	
2157	1155	
2157	187	
2158	48	
2158	976	
2159	2065	
2159	833	
2160	163	
2160	182	
2161	783	
2161	14	
2162	587	
2162	577	
2163	68	
2163	278	
2164	53	
2164	493	
2165	1381	
2165	332	
2166	444	
2166	542	
2167	2131	
2167	340	
2168	723	
2168	5	
2169	719	
2169	1356	
2170	249	
2170	4	
2171	376	
2171	1220	
2172	41	
2172	1935	
2173	697	
2173	116	
2174	759	
2174	42	
2175	1759	
2175	1500	
2176	456	
2176	2116	
2177	1138	
2177	362	
2178	578	
2178	971	
2179	479	
2179	1804	
2180	950	
2180	1405	
2181	1398	
2181	120	
2182	1782	
2182	960	
2183	676	
2183	901	
2184	1714	
2184	1216	
2185	511	
2185	469	
2186	62	
2186	2059	
2187	472	
2187	1146	
2188	103	
2188	2104	
2189	22	
2189	321	
2190	40	
2190	1530	
2191	344	
2191	1207	
2192	141	
2192	1070	
2193	42	
2193	1344	
2194	442	
2194	974	
2195	88	
2195	8	
2196	282	
2196	414	
2197	8	
2197	1463	
2198	727	
2198	1871	
2199	880	
2199	1705	
2200	574	
2200	644	
2201	6	
2201	86	
2202	601	
2202	64	
2203	188	
2203	405	
2204	1186	
2204	1239	
2205	151	
2205	419	
2206	13	
2206	97	
2207	157	
2207	119	
2208	154	
2208	1834	
2209	959	
2209	32	
2210	1416	
2210	214	
2211	120	
2211	758	
2212	107	
2212	1403	
2213	637	
2213	717	
2214	346	
2214	986	
2215	247	
2215	4	
2216	2069	
2216	8	
2217	970	
2217	99	
2218	5	
2218	1632	
2219	762	
2219	42	
2220	12	
2220	233	
2221	1	
2221	714	
2222	12	
2222	677	
2223	1982	
2223	112	
2224	2120	
2224	364	
2225	58	
2225	1884	
2226	487	
2226	94	
2227	4	
2227	162	
2228	11	
2228	854	
2229	193	
2229	439	
2230	1289	
2230	5	
2231	446	
2231	4	
2232	1149	
2232	113	
2233	1409	
2233	96	
2234	1620	
2234	2220	
2235	894	
2235	94	
2236	748	
2236	9	
2237	671	
2237	572	
2238	77	
2238	1783	
2239	644	
2239	1012	
2240	1397	
2240	120	
2241	1368	
2241	29	
2242	1187	
2242	1156	
2243	1291	
2243	2119	
2244	1054	
2244	1752	
2245	856	
2245	1998	
2246	406	
2246	0	
2247	324	
2247	1656	
2248	17	
2248	120	
2249	31	
2249	450	
2250	433	
2250	272	
2251	359	
2251	2043	
2252	351	
2252	895	
2253	68	
2253	599	
2254	1783	
2254	12	
2255	1393	
2255	691	
2256	0	
2256	1204	
2257	1221	
2257	163	
2258	188	
2258	2211	
2259	70	
2259	677	
2260	1096	
2260	1779	
2261	1772	
2261	15	
2262	727	
2262	150	
2263	127	
2263	554	
2264	340	
2264	722	
2265	560	
2265	1105	
2266	1101	
2266	494	
2267	644	
2267	1313	
2268	1029	
2268	1861	
2269	403	
2269	319	
2270	5	
2270	1181	
2271	23	
2271	1723	
2272	1607	
2272	603	
2273	431	
2273	362	
2274	156	
2274	2094	
2275	1349	
2275	1761	
2276	1035	
2276	72	
2277	1068	
2277	477	
2278	1306	
2278	229	
2279	1294	
2279	2080	
2280	1256	
2280	2081	
2281	1651	
2281	182	
2282	2026	
2282	993	
2283	184	
2283	5	
2284	383	
2284	25	
2285	1829	
2285	435	
2286	2140	
2286	97	
2287	831	
2287	1082	
2288	389	
2288	523	
2289	427	
2289	15	
2290	46	
2290	268	
2291	900	
2291	1900	
2292	13	
2292	904	
2293	1207	
2293	17	
2294	0	
2294	508	
2295	231	
2295	236	
2296	116	
2296	505	
2297	276	
2297	5	
2298	1816	
2298	4	
2299	871	
2299	142	
2300	664	
2300	1286	
2301	387	
2301	637	
2302	245	
2302	1188	
2303	2068	
2303	8	
2304	1256	
2304	1452	
2305	447	
2305	504	
2306	1766	
2306	932	
2307	599	
2307	831	
2308	223	
2308	236	
2309	1817	
2309	1017	
2310	1096	
2310	1352	
2311	2260	
2311	1072	
2312	1539	
2312	374	
2313	172	
2313	306	
2314	1017	
2314	573	
2315	15	
2315	1660	
2316	1751	
2316	733	
2317	1952	
2317	2	
2318	119	
2318	97	
2319	723	
2319	24	
2320	1315	
2320	2043	
2321	249	
2321	43	
2322	1345	
2322	17	
2323	1623	
2323	1960	
2324	948	
2324	1104	
2325	97	
2325	183	
2326	898	
2326	8	
2327	538	
2327	44	
2328	371	
2328	320	
2329	11	
2329	46	
2330	1421	
2330	1098	
2331	2254	
2331	270	
2332	49	
2332	830	
2333	672	
2333	1762	
2334	64	
2334	397	
2335	477	
2335	2242	
2336	198	
2336	981	
2337	31	
2337	242	
2338	691	
2338	1559	
2339	1144	
2339	1917	
2340	123	
2340	392	
2341	1769	
2341	977	
2342	2315	
2342	2309	
2343	40	
2343	1827	
2344	1384	
2344	158	
2345	286	
2345	1621	
2346	75	
2346	9	
2347	74	
2347	172	
2348	3	
2348	67	
2349	644	
2349	577	
2350	11	
2350	1707	
2351	249	
2351	1584	
2352	16	
2352	2067	
2353	1	
2353	1133	
2354	274	
2354	900	
2355	1573	
2355	883	
2356	101	
2356	492	
2357	118	
2357	2164	
2358	456	
2358	2166	
2359	0	
2359	9	
2360	900	
2360	118	
2361	1800	
2361	342	
2362	109	
2362	1777	
2363	157	
2363	94	
2364	5	
2364	2032	
2365	213	
2365	1799	
2366	146	
2366	1621	
2367	698	
2367	1685	
2368	1585	
2368	25	
2369	258	
2369	581	
2370	1236	
2370	20	
2371	834	
2371	19	
2372	755	
2372	9	
2373	1406	
2373	2233	
2374	2199	
2374	48	
2375	1350	
2375	2026	
2376	695	
2376	1192	
2377	729	
2377	224	
2378	917	
2378	16	
2379	432	
2379	1285	
2380	1000	
2380	1262	
2381	526	
2381	659	
2382	427	
2382	14	
2383	182	
2383	1	
2384	1433	
2384	787	
2385	577	
2385	931	
2386	1195	
2386	5	
2387	645	
2387	81	
2388	1468	
2388	62	
2389	2169	
2389	2377	
2390	727	
2390	1223	
2391	1146	
2391	5	
2392	472	
2392	493	
2393	984	
2393	710	
2394	734	
2394	738	
2395	607	
2395	91	
2396	1355	
2396	1307	
2397	562	
2397	1230	
2398	592	
2398	1007	
2399	354	
2399	33	
2400	1430	
2400	340	
2401	2296	
2401	371	
2402	856	
2402	1988	
2403	2325	
2403	2022	
2404	422	
2404	125	
2405	1227	
2405	331	
2406	1917	
2406	1861	
2407	1026	
2407	767	
2408	445	
2408	1572	
2409	2112	
2409	731	
2410	1518	
2410	63	
2411	49	
2411	2250	
2412	505	
2412	2	
2413	236	
2413	1096	
2414	1142	
2414	670	
2415	534	
2415	751	
2416	159	
2416	802	
2417	1518	
2417	1578	
2418	1268	
2418	672	
2419	1146	
2419	521	
2420	7	
2420	2106	
2421	857	
2421	268	
2422	1282	
2422	1951	
2423	23	
2423	373	
2424	2215	
2424	0	
2425	212	
2425	880	
2426	81	
2426	538	
2427	373	
2427	29	
2428	780	
2428	309	
2429	36	
2429	124	
2430	452	
2430	1172	
2431	1689	
2431	739	
2432	1072	
2432	18	
2433	205	
2433	3	
2434	1771	
2434	1976	
2435	1685	
2435	474	
2436	11	
2436	389	
2437	498	
2437	657	
2438	320	
2438	9	
2439	439	
2439	1470	
2440	889	
2440	868	
2441	286	
2441	9	
2442	1843	
2442	190	
2443	2166	
2443	1349	
2444	15	
2444	2254	
2445	803	
2445	1324	
2446	2085	
2446	1530	
2447	1793	
2447	203	
2448	1181	
2448	17	
2449	327	
2449	986	
2450	636	
2450	1261	
2451	1076	
2451	361	
2452	36	
2452	2034	
2453	1164	
2453	2319	
2454	2008	
2454	302	
2455	2180	
2455	1746	
2456	101	
2456	158	
2457	143	
2457	1325	
2458	1398	
2458	25	
2459	774	
2459	1631	
2460	287	
2460	77	
2461	1509	
2461	2211	
2462	60	
2462	19	
2463	2073	
2463	1879	
2464	285	
2464	1699	
2465	502	
2465	898	
2466	2383	
2466	215	
2467	494	
2467	1352	
2468	60	
2468	2048	
2469	142	
2469	61	
2470	120	
2470	328	
2471	13	
2471	990	
2472	2026	
2472	1794	
2473	1135	
2473	1512	
2474	738	
2474	31	
2475	1	
2475	127	
2476	1991	
2476	757	
2477	578	
2477	2	
2478	2049	
2478	836	
2479	485	
2479	204	
2480	1949	
2480	1332	
2481	575	
2481	240	
2482	360	
2482	976	
2483	582	
2483	1787	
2484	365	
2484	2454	
2485	827	
2485	2254	
2486	2367	
2486	364	
2487	196	
2487	13	
2488	25	
2488	389	
2489	1846	
2489	1584	
2490	1243	
2490	25	
2491	48	
2491	1524	
2492	920	
2492	1312	
2493	1925	
2493	719	
2494	1287	
2494	1607	
2495	1861	
2495	481	
2496	1911	
2496	388	
2497	2230	
2497	825	
2498	826	
2498	279	
2499	20	
2499	2298	
2500	219	
2500	2082	
2501	1132	
2501	942	
2502	947	
2502	268	
2503	2491	
2503	8	
2504	721	
2504	5	
2505	793	
2505	1531	
2506	677	
2506	802	
2507	1591	
2507	72	
2508	936	
2508	774	
2509	1393	
2509	501	
2510	2120	
2510	5	
2511	1176	
2511	24	
2512	46	
2512	792	
2513	1910	
2513	825	
2514	94	
2514	1331	
2515	1181	
2515	127	
2516	1177	
2516	853	
2517	8	
2517	1632	
2518	290	
2518	1544	
2519	1352	
2519	238	
2520	30	
2520	37	
2521	4	
2521	40	
2522	0	
2522	854	
2523	1790	
2523	2	
2524	268	
2524	0	
2525	332	
2525	40	
2526	993	
2526	116	
2527	419	
2527	4	
2528	1666	
2528	29	
2529	1625	
2529	2100	
2530	1234	
2530	1427	
2531	958	
2531	1307	
2532	926	
2532	5	
2533	1632	
2533	1012	
2534	76	
2534	2497	
2535	1	
2535	645	
2536	50	
2536	33	
2537	31	
2537	1127	
2538	0	
2538	2264	
2539	94	
2539	1780	
2540	563	
2540	138	
2541	825	
2541	403	
2542	1349	
2542	1955	
2543	850	
2543	1728	
2544	191	
2544	46	
2545	1700	
2545	978	
2546	205	
2546	1	
2547	249	
2547	414	
2548	396	
2548	782	
2549	610	
2549	832	
2550	2092	
2550	1850	
2551	417	
2551	102	
2552	54	
2552	1156	
2553	60	
2553	895	
2554	29	
2554	20	
2555	1631	
2555	5	
2556	0	
2556	757	
2557	1220	
2557	455	
2558	2091	
2558	171	
2559	1487	
2559	2552	
2560	115	
2560	1811	
2561	731	
2561	18	
2562	2344	
2562	1560	
2563	158	
2563	47	
2564	1217	
2564	547	
2565	120	
2565	683	
2566	14	
2566	2151	
2567	619	
2567	2044	
2568	2328	
2568	802	
2569	1	
2569	723	
2570	1377	
2570	48	
2571	1024	
2571	2382	
2572	119	
2572	350	
2573	1029	
2573	1632	
2574	972	
2574	152	
2575	893	
2575	2523	
2576	897	
2576	889	
2577	11	
2577	81	
2578	631	
2578	2428	
2579	2131	
2579	1407	
2580	392	
2580	233	
2581	1119	
2581	1505	
2582	9	
2582	402	
2583	2039	
2583	2356	
2584	1085	
2584	1337	
2585	21	
2585	668	
2586	0	
2586	1724	
2587	1229	
2587	1812	
2588	1073	
2588	297	
2589	1656	
2589	774	
2590	13	
2590	341	
2591	1173	
2591	40	
2592	1040	
2592	2047	
2593	35	
2593	19	
2594	506	
2594	61	
2595	1720	
2595	1951	
2596	1210	
2596	1577	
2597	2496	
2597	4	
2598	2468	
2598	48	
2599	182	
2599	1204	
2600	997	
2600	195	
2601	345	
2601	2375	
2602	2105	
2602	729	
2603	1	
2603	1689	
2604	22	
2604	126	
2605	48	
2605	8	
2606	302	
2606	1747	
2607	1261	
2607	1188	
2608	2013	
2608	536	
2609	2096	
2609	644	
2610	44	
2610	906	
2611	714	
2611	32	
2612	4	
2612	1404	
2613	2127	
2613	506	
2614	1363	
2614	1277	
2615	233	
2615	172	
2616	746	
2616	621	
2617	183	
2617	1380	
2618	41	
2618	269	
2619	1191	
2619	2186	
2620	1375	
2620	2301	
2621	47	
2621	60	
2622	90	
2622	558	
2623	328	
2623	1505	
2624	35	
2624	15	
2625	29	
2625	408	
2626	1370	
2626	36	
2627	948	
2627	1	
2628	102	
2628	64	
2629	1177	
2629	635	
2630	2619	
2630	135	
2631	1320	
2631	1670	
2632	272	
2632	1482	
2633	1715	
2633	8	
2634	128	
2634	2296	
2635	1543	
2635	29	
2636	2043	
2636	857	
2637	1706	
2637	12	
2638	106	
2638	1584	
2639	397	
2639	527	
2640	582	
2640	1765	
2641	5	
2641	168	
2642	13	
2642	295	
2643	1190	
2643	2295	
2644	107	
2644	140	
2645	5	
2645	25	
2646	198	
2646	882	
2647	148	
2647	239	
2648	137	
2648	1160	
2649	742	
2649	976	
2650	582	
2650	1415	
2651	481	
2651	195	
2652	160	
2652	297	
2653	1188	
2653	505	
2654	1468	
2654	2383	
2655	819	
2655	1239	
2656	168	
2656	1602	
2657	677	
2657	2327	
2658	2164	
2658	477	
2659	393	
2659	107	
2660	340	
2660	163	
2661	318	
2661	1119	
2662	1728	
2662	120	
2663	1191	
2663	1258	
2664	1514	
2664	2325	
2665	619	
2665	492	
2666	2260	
2666	1473	
2667	1705	
2667	52	
2668	1621	
2668	1160	
2669	1726	
2669	184	
2670	2459	
2670	1660	
2671	1091	
2671	327	
2672	50	
2672	202	
2673	1673	
2673	1304	
2674	1140	
2674	127	
2675	472	
2675	5	
2676	183	
2676	1284	
2677	459	
2677	1819	
2678	1059	
2678	257	
2679	1742	
2679	1599	
2680	1261	
2680	586	
2681	182	
2681	2584	
2682	573	
2682	1169	
2683	18	
2683	479	
2684	1351	
2684	9	
2685	1794	
2685	1	
2686	1608	
2686	1605	
2687	623	
2687	132	
2688	12	
2688	1631	
2689	1670	
2689	117	
2690	883	
2690	188	
2691	611	
2691	892	
2692	1655	
2692	85	
2693	975	
2693	1714	
2694	834	
2694	1169	
2695	684	
2695	219	
2696	17	
2696	212	
2697	0	
2697	54	
2698	1321	
2698	1777	
2699	789	
2699	1166	
2700	838	
2700	196	
2701	1917	
2701	793	
2702	2156	
2702	4	
2703	2294	
2703	2580	
2704	151	
2704	2210	
2705	2102	
2705	816	
2706	1258	
2706	1407	
2707	226	
2707	1825	
2708	13	
2708	715	
2709	1785	
2709	29	
2710	76	
2710	1378	
2711	1019	
2711	2018	
2712	284	
2712	970	
2713	362	
2713	115	
2714	12	
2714	119	
2715	365	
2715	319	
2716	19	
2716	42	
2717	826	
2717	12	
2718	1764	
2718	335	
2719	2029	
2719	105	
2720	42	
2720	509	
2721	2692	
2721	81	
2722	1743	
2722	477	
2723	1147	
2723	1486	
2724	968	
2724	996	
2725	662	
2725	1446	
2726	2100	
2726	980	
2727	6	
2727	5	
2728	1	
2728	1526	
2729	790	
2729	1886	
2730	1631	
2730	710	
2731	2123	
2731	2127	
2732	536	
2732	1244	
2733	31	
2733	232	
2734	1659	
2734	82	
2735	130	
2735	392	
2736	813	
2736	209	
2737	942	
2737	0	
2738	746	
2738	1839	
2739	307	
2739	64	
2740	3	
2740	895	
2741	941	
2741	0	
2742	1840	
2742	12	
2743	1546	
2743	183	
2744	14	
2744	181	
2745	130	
2745	32	
2746	1673	
2746	0	
2747	446	
2747	894	
2748	2296	
2748	9	
2749	232	
2749	183	
2750	2050	
2750	1038	
2751	2455	
2751	2301	
2752	708	
2752	854	
2753	1090	
2753	273	
2754	102	
2754	15	
2755	112	
2755	1926	
2756	446	
2756	1173	
2757	966	
2757	1417	
2758	2453	
2758	965	
2759	1275	
2759	2126	
2760	1407	
2760	1706	
2761	1308	
2761	908	
2762	2027	
2762	1257	
2763	188	
2763	976	
2764	82	
2764	1119	
2765	287	
2765	569	
2766	2195	
2766	469	
2767	1	
2767	31	
2768	350	
2768	663	
2769	1172	
2769	1814	
2770	2709	
2770	1	
2771	20	
2771	522	
2772	2640	
2772	188	
2773	810	
2773	4	
2774	2592	
2774	116	
2775	1918	
2775	60	
2776	427	
2776	64	
2777	1412	
2777	12	
2778	839	
2778	48	
2779	2038	
2779	12	
2780	54	
2780	2093	
2781	1	
2781	1492	
2782	644	
2782	2632	
2783	573	
2783	103	
2784	1463	
2784	653	
2785	1339	
2785	994	
2786	1928	
2786	4	
2787	2403	
2787	696	
2788	287	
2788	2627	
2789	2635	
2789	860	
2790	445	
2790	1275	
2791	158	
2791	170	
2792	2069	
2792	348	
2793	1052	
2793	2518	
2794	66	
2794	1324	
2795	986	
2795	2	
2796	2	
2796	494	
2797	1242	
2797	469	
2798	0	
2798	417	
2799	216	
2799	189	
2800	725	
2800	17	
2801	320	
2801	83	
2802	562	
2802	203	
2803	1075	
2803	727	
2804	231	
2804	701	
2805	2766	
2805	159	
2806	754	
2806	444	
2807	2582	
2807	153	
2808	77	
2808	740	
2809	142	
2809	2319	
2810	1877	
2810	166	
2811	2313	
2811	392	
2812	242	
2812	11	
2813	50	
2813	59	
2814	1237	
2814	362	
2815	1011	
2815	332	
2816	2100	
2816	5	
2817	1398	
2817	672	
2818	265	
2818	680	
2819	32	
2819	1943	
2820	2774	
2820	1406	
2821	124	
2821	742	
2822	419	
2822	492	
2823	14	
2823	15	
2824	1172	
2824	2314	
2825	2469	
2825	12	
2826	465	
2826	481	
2827	219	
2827	2504	
2828	1466	
2828	1755	
2829	1950	
2829	12	
2830	458	
2830	227	
2831	722	
2831	407	
2832	213	
2832	103	
2833	522	
2833	1943	
2834	1418	
2834	18	
2835	534	
2835	1635	
2836	1992	
2836	1188	
2837	1739	
2837	55	
2838	2073	
2838	567	
2839	1526	
2839	1354	
2840	2139	
2840	0	
2841	1188	
2841	2692	
2842	953	
2842	519	
2843	129	
2843	637	
2844	340	
2844	1326	
2845	1180	
2845	1292	
2846	2580	
2846	107	
2847	37	
2847	100	
2848	666	
2848	946	
2849	1284	
2849	2574	
2850	1406	
2850	82	
2851	918	
2851	672	
2852	780	
2852	734	
2853	429	
2853	400	
2854	905	
2854	2034	
2855	9	
2855	1984	
2856	1549	
2856	458	
2857	1797	
2857	851	
2858	1766	
2858	105	
2859	181	
2859	1004	
2860	749	
2860	2	
2861	2	
2861	2125	
2862	2030	
2862	1765	
2863	1188	
2863	810	
2864	709	
2864	367	
2865	61	
2865	2767	
2866	41	
2866	636	
2867	965	
2867	14	
2868	2832	
2868	1097	
2869	145	
2869	1799	
2870	2317	
2870	1203	
2871	190	
2871	126	
2872	493	
2872	2070	
2873	360	
2873	29	
2874	205	
2874	222	
2875	2604	
2875	2105	
2876	1840	
2876	146	
2877	2599	
2877	2643	
2878	398	
2878	487	
2879	187	
2879	4	
2880	1117	
2880	2305	
2881	23	
2881	653	
2882	1078	
2882	340	
2883	892	
2883	940	
2884	797	
2884	726	
2885	8	
2885	554	
2886	12	
2886	811	
2887	850	
2887	548	
2888	306	
2888	222	
2889	1958	
2889	572	
2890	4	
2890	2355	
2891	2428	
2891	1508	
2892	40	
2892	2237	
2893	2532	
2893	1347	
2894	1106	
2894	9	
2895	109	
2895	208	
2896	601	
2896	1314	
2897	239	
2897	377	
2898	871	
2898	2167	
2899	1052	
2899	2041	
2900	1138	
2900	1821	
2901	54	
2901	1463	
2902	5	
2902	1895	
2903	50	
2903	2842	
2904	142	
2904	1664	
2905	162	
2905	1304	
2906	2196	
2906	2541	
2907	1753	
2907	885	
2908	1236	
2908	1499	
2909	1	
2909	70	
2910	582	
2910	511	
2911	1519	
2911	1408	
2912	2082	
2912	345	
2913	1	
2913	30	
2914	1542	
2914	2215	
2915	1491	
2915	32	
2916	315	
2916	263	
2917	646	
2917	967	
2918	737	
2918	363	
2919	277	
2919	20	
2920	787	
2920	67	
2921	397	
2921	364	
2922	2382	
2922	107	
2923	1031	
2923	1997	
2924	1181	
2924	1724	
2925	2573	
2925	730	
2926	1783	
2926	46	
2927	1350	
2927	2693	
2928	1505	
2928	17	
2929	97	
2929	236	
2930	241	
2930	888	
2931	2440	
2931	20	
2932	12	
2932	2157	
2933	2548	
2933	103	
2934	152	
2934	700	
2935	1478	
2935	171	
2936	2535	
2936	1364	
2937	738	
2937	2058	
2938	2917	
2938	2161	
2939	4	
2939	455	
2940	1341	
2940	248	
2941	2635	
2941	107	
2942	52	
2942	1662	
2943	731	
2943	136	
2944	1662	
2944	2375	
2945	5	
2945	1896	
2946	945	
2946	1992	
2947	8	
2947	2566	
2948	63	
2948	1405	
2949	1689	
2949	126	
2950	280	
2950	2214	
2951	532	
2951	151	
2952	908	
2952	572	
2953	543	
2953	641	
2954	8	
2954	749	
2955	2665	
2955	364	
2956	6	
2956	139	
2957	876	
2957	1651	
2958	40	
2958	2592	
2959	286	
2959	315	
2960	971	
2960	299	
2961	81	
2961	112	
2962	135	
2962	2656	
2963	1363	
2963	233	
2964	2128	
2964	109	
2965	2915	
2965	1594	
2966	1462	
2966	2312	
2967	963	
2967	2408	
2968	12	
2968	976	
2969	2566	
2969	48	
2970	992	
2970	2211	
2971	306	
2971	1	
2972	31	
2972	1524	
2973	666	
2973	59	
2974	1	
2974	12	
2975	159	
2975	239	
2976	604	
2976	1816	
2977	896	
2977	1751	
2978	1010	
2978	106	
2979	136	
2979	15	
2980	1091	
2980	265	
2981	17	
2981	1218	
2982	1	
2982	2596	
2983	107	
2983	484	
2984	351	
2984	1817	
2985	118	
2985	965	
2986	1524	
2986	1651	
2987	7	
2987	2656	
2988	472	
2988	715	
2989	2376	
2989	67	
2990	1728	
2990	1019	
2991	171	
2991	392	
2992	1955	
2992	164	
2993	910	
2993	1123	
2994	1212	
2994	2160	
2995	1	
2995	927	
2996	1	
2996	674	
2997	2544	
2997	1019	
2998	858	
2998	630	
2999	172	
2999	42	
3000	453	
3000	248	
3001	2026	
3001	151	
3002	238	
3002	2749	
3003	2535	
3003	1	
3004	941	
3004	1652	
3005	446	
3005	323	
3006	2762	
3006	2508	
3007	164	
3007	29	
3008	188	
3008	81	
3009	2859	
3009	1065	
3010	2	
3010	205	
3011	300	
3011	105	
3012	2038	
3012	1462	
3013	1695	
3013	0	
3014	75	
3014	2464	
3015	986	
3015	1879	
3016	378	
3016	2123	
3017	1894	
3017	446	
3018	1689	
3018	368	
3019	1236	
3019	363	
3020	578	
3020	196	
3021	2488	
3021	3009	
3022	2261	
3022	929	
3023	2	
3023	410	
3024	830	
3024	1096	
3025	3	
3025	417	
3026	4	
3026	1912	
3027	259	
3027	1793	
3028	2731	
3028	801	
3029	195	
3029	44	
3030	804	
3030	1879	
3031	2635	
3031	392	
3032	1019	
3032	1573	
3033	830	
3033	12	
3034	162	
3034	1965	
3035	2033	
3035	446	
3036	1	
3036	295	
3037	2184	
3037	217	
3038	482	
3038	0	
3039	293	
3039	183	
3040	800	
3040	12	
3041	286	
3041	418	
3042	1182	
3042	2135	
3043	3018	
3043	408	
3044	648	
3044	2788	
3045	835	
3045	2812	
3046	1954	
3046	1226	
3047	3014	
3047	17	
3048	887	
3048	1679	
3049	1953	
3049	40	
3050	831	
3050	162	
3051	2895	
3051	1990	
3052	601	
3052	1672	
3053	3008	
3053	5	
3054	31	
3054	2034	
3055	1615	
3055	61	
3056	229	
3056	1361	
3057	2135	
3057	1991	
3058	491	
3058	2068	
3059	493	
3059	287	
3060	976	
3060	1229	
3061	3	
3061	239	
3062	2703	
3062	3055	
3063	319	
3063	850	
3064	2240	
3064	190	
3065	2264	
3065	49	
3066	4	
3066	1019	
3067	868	
3067	1172	
3068	0	
3068	2394	
3069	875	
3069	3012	
3070	184	
3070	996	
3071	1881	
3071	1737	
3072	4	
3072	3052	
3073	2	
3073	1424	
3074	1182	
3074	124	
3075	430	
3075	165	
3076	1282	
3076	1309	
3077	1408	
3077	1329	
3078	722	
3078	717	
3079	511	
3079	709	
3080	345	
3080	41	
3081	302	
3081	793	
3082	2375	
3082	2000	
3083	1998	
3083	12	
3084	91	
3084	1228	
3085	8	
3085	1006	
3086	1408	
3086	2292	
3087	2582	
3087	1	
3088	72	
3088	122	
3089	1491	
3089	1804	
3090	132	
3090	716	
3091	1513	
3091	5	
3092	172	
3092	1373	
3093	1821	
3093	602	
3094	1196	
3094	1452	
3095	1159	
3095	5	
3096	2636	
3096	1812	
3097	120	
3097	464	
3098	1970	
3098	2684	
3099	5	
3099	1571	
3100	966	
3100	493	
3101	1036	
3101	1	
3102	2735	
3102	352	
3103	665	
3103	104	
3104	90	
3104	2826	
3105	15	
3105	1193	
3106	1727	
3106	65	
3107	12	
3107	2602	
3108	4	
3108	2264	
3109	1	
3109	1718	
3110	172	
3110	245	
3111	167	
3111	1218	
3112	1608	
3112	37	
3113	2737	
3113	1656	
3114	120	
3114	3031	
3115	472	
3115	444	
3116	2587	
3116	40	
3117	811	
3117	384	
3118	160	
3118	1381	
3119	1325	
3119	1869	
3120	1777	
3120	677	
3121	2100	
3121	1059	
3122	679	
3122	1943	
3123	14	
3123	330	
3124	2374	
3124	2701	
3125	850	
3125	777	
3126	2259	
3126	2827	
3127	725	
3127	2361	
3128	3034	
3128	1322	
3129	452	
3129	230	
3130	50	
3130	5	
3131	2383	
3131	75	
3132	88	
3132	268	
3133	1337	
3133	444	
3134	504	
3134	942	
3135	1321	
3135	1127	
3136	1742	
3136	666	
3137	2875	
3137	1854	
3138	182	
3138	2959	
3139	158	
3139	3	
3140	1811	
3140	50	
3141	2019	
3141	440	
3142	1275	
3142	538	
3143	598	
3143	1656	
3144	50	
3144	419	
3145	1806	
3145	877	
3146	346	
3146	113	
3147	698	
3147	707	
3148	559	
3148	2636	
3149	188	
3149	1388	
3150	2820	
3150	1558	
3151	817	
3151	1689	
3152	53	
3152	127	
3153	2774	
3153	18	
3154	1275	
3154	295	
3155	2635	
3155	5	
3156	2306	
3156	188	
3157	2006	
3157	2290	
3158	598	
3158	521	
3159	31	
3159	573	
3160	1756	
3160	1952	
3161	1728	
3161	1872	
3162	75	
3162	1027	
3163	1	
3163	2917	
3164	2434	
3164	902	
3165	2645	
3165	1096	
3166	5	
3166	2621	
3167	93	
3167	968	
3168	16	
3168	835	
3169	1225	
3169	156	
3170	2244	
3170	671	
3171	685	
3171	1506	
3172	727	
3172	1031	
3173	2202	
3173	112	
3174	1639	
3174	1584	
3175	599	
3175	687	
3176	951	
3176	3099	
3177	460	
3177	19	
3178	1341	
3178	351	
3179	275	
3179	1132	
3180	2887	
3180	130	
3181	1524	
3181	254	
3182	818	
3182	2908	
3183	917	
3183	1532	
3184	2529	
3184	1530	
3185	219	
3185	1277	
3186	1651	
3186	14	
3187	14	
3187	994	
3188	15	
3188	2810	
3189	1350	
3189	570	
3190	1361	
3190	52	
3191	129	
3191	1268	
3192	559	
3192	1014	
3193	50	
3193	365	
3194	765	
3194	1479	
3195	3035	
3195	1165	
3196	114	
3196	975	
3197	2	
3197	1483	
3198	2033	
3198	1423	
3199	390	
3199	22	
3200	2	
3200	1244	
3201	957	
3201	1027	
3202	1957	
3202	2542	
3203	2586	
3203	885	
3204	300	
3204	1683	
3205	503	
3205	392	
3206	4	
3206	923	
3207	86	
3207	0	
3208	509	
3208	1283	
3209	2512	
3209	65	
3210	0	
3210	2218	
3211	1283	
3211	815	
3212	273	
3212	1532	
3213	1792	
3213	780	
3214	12	
3214	2607	
3215	287	
3215	3007	
3216	19	
3216	1518	
3217	900	
3217	5	
3218	126	
3218	1287	
3219	2909	
3219	1733	
3220	2850	
3220	2200	
3221	1190	
3221	1109	
3222	332	
3222	1869	
3223	2904	
3223	2792	
3224	1519	
3224	2373	
3225	2642	
3225	2850	
3226	145	
3226	5	
3227	1812	
3227	14	
3228	43	
3228	284	
3229	46	
3229	107	
3230	19	
3230	971	
3231	3123	
3231	2043	
3232	2517	
3232	2114	
3233	1546	
3233	2524	
3234	2069	
3234	13	
3235	93	
3235	1321	
3236	2709	
3236	1488	
3237	205	
3237	831	
3238	1302	
3238	1751	
3239	18	
3239	5	
3240	1347	
3240	615	
3241	2516	
3241	2680	
3242	1879	
3242	1188	
3243	1697	
3243	593	
3244	1604	
3244	1060	
3245	2192	
3245	5	
3246	320	
3246	891	
3247	2524	
3247	423	
3248	332	
3248	666	
3249	2830	
3249	1446	
3250	11	
3250	1	
3251	560	
3251	2922	
3252	348	
3252	181	
3253	1586	
3253	209	
3254	1765	
3254	492	
3255	4	
3255	206	
3256	1957	
3256	11	
3257	2635	
3257	5	
3258	3024	
3258	2212	
3259	2329	
3259	2557	
3260	128	
3260	166	
3261	2626	
3261	40	
3262	2315	
3262	1928	
3263	528	
3263	1623	
3264	840	
3264	1110	
3265	974	
3265	1916	
3266	49	
3266	278	
3267	559	
3267	1446	
3268	631	
3268	3257	
3269	1642	
3269	2053	
3270	11	
3270	1484	
3271	48	
3271	1879	
3272	1829	
3272	1	
3273	715	
3273	17	
3274	2008	
3274	9	
3275	339	
3275	31	
3276	2960	
3276	960	
3277	2223	
3277	183	
3278	615	
3278	262	
3279	2261	
3279	96	
3280	1438	
3280	1740	
3281	152	
3281	365	
3282	2082	
3282	1940	
3283	2234	
3283	12	
3284	1332	
3284	3201	
3285	723	
3285	2279	
3286	1584	
3286	1196	
3287	1368	
3287	4	
3288	504	
3288	9	
3289	727	
3289	1173	
3290	2344	
3290	1562	
3291	225	
3291	2	
3292	648	
3292	263	
3293	797	
3293	1	
3294	780	
3294	12	
3295	543	
3295	486	
3296	137	
3296	2912	
3297	10	
3297	295	
3298	889	
3298	384	
3299	168	
3299	1694	
3300	857	
3300	1898	
3301	969	
3301	2555	
3302	471	
3302	124	
3303	1778	
3303	2284	
3304	1463	
3304	910	
3305	156	
3305	2600	
3306	627	
3306	41	
3307	1543	
3307	2157	
3308	297	
3308	2056	
3309	81	
3309	2319	
3310	12	
3310	102	
3311	156	
3311	158	
3312	1577	
3312	2085	
3313	1175	
3313	505	
3314	505	
3314	2882	
3315	16	
3315	719	
3316	1885	
3316	556	
3317	2843	
3317	154	
3318	829	
3318	916	
3319	765	
3319	124	
3320	1722	
3320	181	
3321	661	
3321	12	
3322	751	
3322	2124	
3323	865	
3323	3115	
3324	411	
3324	2749	
3325	1011	
3325	2630	
3326	2823	
3326	1524	
3327	313	
3327	2545	
3328	2273	
3328	559	
3329	1744	
3329	15	
3330	107	
3330	872	
3331	1946	
3331	588	
3332	240	
3332	966	
3333	2	
3333	2750	
3334	32	
3334	1462	
3335	2330	
3335	680	
3336	2373	
3336	1146	
3337	203	
3337	4	
3338	1052	
3338	132	
3339	1033	
3339	223	
3340	951	
3340	3	
3341	1833	
3341	42	
3342	602	
3342	1532	
3343	1226	
3343	2153	
3344	820	
3344	568	
3345	2041	
3345	1459	
3346	328	
3346	8	
3347	1038	
3347	3292	
3348	15	
3348	302	
3349	1322	
3349	2160	
3350	2911	
3350	1840	
3351	1689	
3351	106	
3352	811	
3352	765	
3353	103	
3353	651	
3354	3006	
3354	2297	
3355	1100	
3355	1797	
3356	3050	
3356	9	
3357	202	
3357	254	
3358	1197	
3358	331	
3359	2954	
3359	1879	
3360	1629	
3360	3198	
3361	854	
3361	113	
3362	2538	
3362	1149	
3363	1395	
3363	2586	
3364	491	
3364	537	
3365	3022	
3365	967	
3366	358	
3366	2839	
3367	2603	
3367	262	
3368	198	
3368	389	
3369	70	
3369	1783	
3370	983	
3370	158	
3371	120	
3371	1705	
3372	2688	
3372	694	
3373	3201	
3373	2535	
3374	67	
3374	1957	
3375	9	
3375	1809	
3376	1364	
3376	2260	
3377	0	
3377	846	
3378	1123	
3378	76	
3379	42	
3379	5	
3380	876	
3380	1	
3381	1218	
3381	865	
3382	324	
3382	487	
3383	5	
3383	2794	
3384	2637	
3384	72	
3385	927	
3385	63	
3386	2678	
3386	2972	
3387	3135	
3387	2184	
3388	2013	
3388	98	
3389	191	
3389	126	
3390	631	
3390	158	
3391	1238	
3391	9	
3392	1402	
3392	97	
3393	2471	
3393	141	
3394	2259	
3394	2494	
3395	3319	
3395	1776	
3396	3146	
3396	2802	
3397	1220	
3397	2737	
3398	1113	
3398	354	
3399	2173	
3399	920	
3400	343	
3400	619	
3401	2	
3401	1629	
3402	165	
3402	1181	
3403	400	
3403	2767	
3404	92	
3404	1877	
3405	2000	
3405	413	
3406	655	
3406	2830	
3407	55	
3407	329	
3408	151	
3408	2155	
3409	3319	
3409	1787	
3410	1422	
3410	2164	
3411	75	
3411	758	
3412	609	
3412	438	
3413	485	
3413	1675	
3414	651	
3414	1	
3415	1500	
3415	2297	
3416	1332	
3416	93	
3417	2244	
3417	88	
3418	592	
3418	2143	
3419	1607	
3419	106	
3420	2275	
3420	136	
3421	1602	
3421	105	
3422	2362	
3422	32	
3423	40	
3423	458	
3424	3382	
3424	3389	
3425	1992	
3425	182	
3426	1975	
3426	46	
3427	655	
3427	13	
3428	1562	
3428	75	
3429	1943	
3429	1492	
3430	2690	
3430	1817	
3431	5	
3431	2385	
3432	2	
3432	3174	
3433	720	
3433	55	
3434	3290	
3434	163	
3435	229	
3435	15	
3436	1304	
3436	40	
3437	970	
3437	384	
3438	3057	
3438	29	
3439	2843	
3439	433	
3440	2181	
3440	1233	
3441	3056	
3441	1649	
3442	945	
3442	1	
3443	997	
3443	1420	
3444	1742	
3444	1452	
3445	3308	
3445	321	
3446	1189	
3446	2056	
3447	222	
3447	2464	
3448	2838	
3448	2776	
3449	2801	
3449	3162	
3450	41	
3450	1103	
3451	192	
3451	419	
3452	1287	
3452	1222	
3453	190	
3453	197	
3454	1899	
3454	163	
3455	2163	
3455	1751	
3456	1189	
3456	3187	
3457	1679	
3457	2498	
3458	3012	
3458	1578	
3459	22	
3459	1034	
3460	1478	
3460	1710	
3461	1691	
3461	3212	
3462	2370	
3462	854	
3463	1013	
3463	637	
3464	2295	
3464	1260	
3465	1013	
3465	2050	
3466	1542	
3466	1020	
3467	1696	
3467	3374	
3468	0	
3468	236	
3469	90	
3469	31	
3470	2555	
3470	2303	
3471	3080	
3471	75	
3472	804	
3472	3330	
3473	1244	
3473	184	
3474	1599	
3474	426	
3475	1429	
3475	687	
3476	2120	
3476	1787	
3477	3190	
3477	1814	
3478	1172	
3478	211	
3479	1	
3479	620	
3480	706	
3480	181	
3481	56	
3481	854	
3482	46	
3482	2877	
3483	1370	
3483	315	
3484	93	
3484	292	
3485	9	
3485	2924	
3486	1182	
3486	269	
3487	722	
3487	1558	
3488	1911	
3488	14	
3489	1367	
3489	68	
3490	14	
3490	304	
3491	1299	
3491	227	
3492	1027	
3492	1367	
3493	161	
3493	778	
3494	710	
3494	751	
3495	1865	
3495	3188	
3496	1462	
3496	802	
3497	2687	
3497	2292	
3498	1463	
3498	757	
3499	2888	
3499	2635	
3500	1299	
3500	521	
3501	17	
3501	705	
3502	2518	
3502	3	
3503	304	
3503	985	
3504	2338	
3504	146	
3505	95	
3505	1647	
3506	36	
3506	2439	
3507	423	
3507	167	
3508	970	
3508	2742	
3509	408	
3509	2512	
3510	1728	
3510	1061	
3511	1402	
3511	762	
3512	679	
3512	1059	
3513	456	
3513	162	
3514	5	
3514	0	
3515	434	
3515	1047	
3516	0	
3516	1972	
3517	2281	
3517	181	
3518	245	
3518	948	
3519	566	
3519	283	
3520	298	
3520	2554	
3521	2	
3521	1791	
3522	646	
3522	285	
3523	25	
3523	2420	
3524	830	
3524	877	
3525	1242	
3525	332	
3526	273	
3526	3419	
3527	1133	
3527	1353	
3528	3321	
3528	148	
3529	1146	
3529	3310	
3530	2127	
3530	562	
3531	1464	
3531	800	
3532	120	
3532	91	
3533	136	
3533	1323	
3534	19	
3534	162	
3535	1039	
3535	2128	
3536	2944	
3536	4	
3537	516	
3537	2776	
3538	319	
3538	2	
3539	3	
3539	2631	
3540	362	
3540	3338	
3541	1516	
3541	15	
3542	2045	
3542	257	
3543	286	
3543	619	
3544	1215	
3544	1898	
3545	2933	
3545	33	
3546	3398	
3546	931	
3547	604	
3547	11	
3548	64	
3548	2933	
3549	1449	
3549	1742	
3550	179	
3550	1509	
3551	734	
3551	44	
3552	1188	
3552	307	
3553	2547	
3553	1442	
3554	1774	
3554	684	
3555	124	
3555	538	
3556	37	
3556	529	
3557	1311	
3557	74	
3558	551	
3558	3062	
3559	811	
3559	22	
3560	1983	
3560	3149	
3561	138	
3561	773	
3562	666	
3562	231	
3563	76	
3563	4	
3564	1	
3564	2340	
3565	2960	
3565	568	
3566	217	
3566	481	
3567	1917	
3567	1805	
3568	417	
3568	1861	
3569	726	
3569	107	
3570	202	
3570	3189	
3571	1140	
3571	1900	
3572	13	
3572	319	
3573	3135	
3573	354	
3574	8	
3574	985	
3575	1647	
3575	142	
3576	27	
3576	107	
3577	1492	
3577	1398	
3578	1102	
3578	1240	
3579	324	
3579	458	
3580	25	
3580	172	
3581	158	
3581	478	
3582	548	
3582	3044	
3583	3045	
3583	188	
3584	635	
3584	3044	
3585	1227	
3585	920	
3586	102	
3586	2	
3587	1	
3587	1028	
3588	1219	
3588	2629	
3589	1068	
3589	61	
3590	348	
3590	1473	
3591	570	
3591	1135	
3592	680	
3592	345	
3593	2727	
3593	3528	
3594	747	
3594	817	
3595	124	
3595	315	
3596	2592	
3596	2	
3597	60	
3597	11	
3598	956	
3598	3185	
3599	731	
3599	1470	
3600	106	
3600	5	
3601	20	
3601	565	
3602	631	
3602	75	
3603	389	
3603	1735	
3604	103	
3604	1737	
3605	1873	
3605	3343	
3606	527	
3606	2959	
3607	3549	
3607	248	
3608	1690	
3608	2061	
3609	2957	
3609	1902	
3610	2715	
3610	2993	
3611	5	
3611	630	
3612	2823	
3612	1442	
3613	1704	
3613	1925	
3614	96	
3614	9	
3615	1454	
3615	108	
3616	64	
3616	1953	
3617	137	
3617	592	
3618	1087	
3618	2617	
3619	129	
3619	603	
3620	1027	
3620	3597	
3621	120	
3621	3069	
3622	33	
3622	3431	
3623	2133	
3623	1765	
3624	3413	
3624	760	
3625	118	
3625	2205	
3626	158	
3626	3245	
3627	0	
3627	983	
3628	3397	
3628	3573	
3629	273	
3629	573	
3630	1076	
3630	3170	
3631	1951	
3631	492	
3632	3609	
3632	187	
3633	1062	
3633	2729	
3634	2325	
3634	1660	
3635	146	
3635	48	
3636	953	
3636	846	
3637	5	
3637	3080	
3638	4	
3638	1020	
3639	3065	
3639	1021	
3640	1101	
3640	2720	
3641	1060	
3641	2831	
3642	1076	
3642	1513	
3643	48	
3643	1925	
3644	3	
3644	1257	
3645	1884	
3645	2574	
3646	898	
3646	280	
3647	2916	
3647	0	
3648	1246	
3648	222	
3649	88	
3649	3052	
3650	12	
3650	156	
3651	2678	
3651	1352	
3652	30	
3652	527	
3653	2436	
3653	1554	
3654	371	
3654	285	
3655	1084	
3655	1762	
3656	2515	
3656	3630	
3657	174	
3657	1084	
3658	1206	
3658	31	
3659	471	
3659	704	
3660	61	
3660	666	
3661	209	
3661	1591	
3662	993	
3662	2463	
3663	105	
3663	128	
3664	2912	
3664	12	
3665	963	
3665	747	
3666	2937	
3666	12	
3667	1173	
3667	2877	
3668	847	
3668	818	
3669	708	
3669	1272	
3670	2417	
3670	3576	
3671	1532	
3671	687	
3672	575	
3672	555	
3673	2878	
3673	8	
3674	1697	
3674	774	
3675	1131	
3675	324	
3676	1065	
3676	4	
3677	839	
3677	161	
3678	2261	
3678	378	
3679	1009	
3679	287	
3680	14	
3680	842	
3681	732	
3681	65	
3682	870	
3682	2885	
3683	1470	
3683	268	
3684	3234	
3684	9	
3685	176	
3685	3539	
3686	3663	
3686	672	
3687	73	
3687	187	
3688	3379	
3688	17	
3689	1282	
3689	882	
3690	2940	
3690	2692	
3691	888	
3691	292	
3692	1412	
3692	946	
3693	744	
3693	1516	
3694	40	
3694	1228	
3695	2449	
3695	3192	
3696	728	
3696	2365	
3697	170	
3697	815	
3698	1714	
3698	477	
3699	291	
3699	472	
3700	3436	
3700	3597	
3701	3144	
3701	2766	
3702	2	
3702	582	
3703	2771	
3703	2929	
3704	670	
3704	1768	
3705	2343	
3705	1781	
3706	2985	
3706	953	
3707	2525	
3707	1427	
3708	3225	
3708	682	
3709	1325	
3709	2820	
3710	3514	
3710	644	
3711	2531	
3711	11	
3712	750	
3712	3084	
3713	976	
3713	1611	
3714	1	
3714	111	
3715	1543	
3715	0	
3716	120	
3716	1436	
3717	1719	
3717	9	
3718	1766	
3718	2032	
3719	1038	
3719	880	
3720	2454	
3720	441	
3721	558	
3721	386	
3722	5	
3722	1424	
3723	77	
3723	2512	
3724	123	
3724	3232	
3725	2287	
3725	1395	
3726	952	
3726	1721	
3727	197	
3727	2928	
3728	1879	
3728	143	
3729	586	
3729	2123	
3730	1547	
3730	19	
3731	2062	
3731	586	
3732	534	
3732	2767	
3733	8	
3733	80	
3734	814	
3734	445	
3735	2174	
3735	477	
3736	436	
3736	1735	
3737	1417	
3737	2259	
3738	346	
3738	811	
3739	3350	
3739	1742	
3740	202	
3740	1807	
3741	245	
3741	458	
3742	880	
3742	278	
3743	1459	
3743	3014	
3744	2	
3744	1270	
3745	445	
3745	1189	
3746	631	
3746	2792	
3747	1031	
3747	3292	
3748	865	
3748	64	
3749	3585	
3749	1061	
3750	772	
3750	26	
3751	46	
3751	61	
3752	468	
3752	3081	
3753	128	
3753	266	
3754	505	
3754	359	
3755	1377	
3755	297	
3756	31	
3756	3122	
3757	1714	
3757	457	
3758	485	
3758	40	
3759	920	
3759	2828	
3760	327	
3760	1013	
3761	223	
3761	1658	
3762	2232	
3762	348	
3763	2540	
3763	533	
3764	1295	
3764	659	
3765	2646	
3765	477	
3766	693	
3766	3327	
3767	4	
3767	2059	
3768	482	
3768	2032	
3769	128	
3769	2192	
3770	1010	
3770	918	
3771	688	
3771	3638	
3772	3475	
3772	354	
3773	37	
3773	1630	
3774	187	
3774	69	
3775	195	
3775	2724	
3776	1514	
3776	3683	
3777	631	
3777	738	
3778	2977	
3778	224	
3779	601	
3779	1757	
3780	3475	
3780	119	
3781	621	
3781	1166	
3782	2514	
3782	2673	
3783	2816	
3783	534	
3784	2	
3784	684	
3785	41	
3785	4	
3786	2020	
3786	463	
3787	1353	
3787	686	
3788	67	
3788	65	
3789	3	
3789	44	
3790	2724	
3790	477	
3791	77	
3791	120	
3792	279	
3792	1013	
3793	981	
3793	3	
3794	1153	
3794	1158	
3795	3009	
3795	93	
3796	0	
3796	825	
3797	2630	
3797	2800	
3798	1898	
3798	2388	
3799	2827	
3799	940	
3800	107	
3800	2058	
3801	2816	
3801	1440	
3802	1533	
3802	249	
3803	227	
3803	1013	
3804	52	
3804	147	
3805	363	
3805	437	
3806	1532	
3806	2094	
3807	825	
3807	871	
3808	1444	
3808	71	
3809	1682	
3809	534	
3810	157	
3810	41	
3811	2949	
3811	509	
3812	292	
3812	2533	
3813	1988	
3813	2272	
3814	2718	
3814	2619	
3815	149	
3815	2869	
3816	2319	
3816	0	
3817	2109	
3817	2651	
3818	990	
3818	1554	
3819	574	
3819	863	
3820	1210	
3820	2491	
3821	219	
3821	1884	
3822	1642	
3822	545	
3823	286	
3823	1509	
3824	181	
3824	811	
3825	603	
3825	119	
3826	3540	
3826	2831	
3827	2635	
3827	58	
3828	1014	
3828	426	
3829	11	
3829	1287	
3830	1467	
3830	0	
3831	3384	
3831	1105	
3832	3758	
3832	14	
3833	898	
3833	2415	
3834	295	
3834	3321	
3835	3287	
3835	2264	
3836	231	
3836	2571	
3837	1036	
3837	638	
3838	1543	
3838	359	
3839	1499	
3839	2607	
3840	2429	
3840	1191	
3841	1391	
3841	3440	
3842	1329	
3842	2174	
3843	43	
3843	1340	
3844	1285	
3844	1483	
3845	211	
3845	470	
3846	19	
3846	677	
3847	12	
3847	2541	
3848	22	
3848	369	
3849	126	
3849	578	
3850	1173	
3850	1430	
3851	1925	
3851	120	
3852	66	
3852	1463	
3853	205	
3853	577	
3854	3488	
3854	1652	
3855	749	
3855	1055	
3856	176	
3856	25	
3857	1482	
3857	3522	
3858	975	
3858	2340	
3859	1	
3859	77	
3860	1010	
3860	2724	
3861	9	
3861	3204	
3862	3485	
3862	119	
3863	830	
3863	350	
3864	1072	
3864	1516	
3865	602	
3865	269	
3866	1222	
3866	120	
3867	854	
3867	2133	
3868	475	
3868	44	
3869	3080	
3869	584	
3870	1610	
3870	1210	
3871	1148	
3871	846	
3872	993	
3872	209	
3873	122	
3873	265	
3874	2314	
3874	3572	
3875	2012	
3875	949	
3876	968	
3876	1728	
3877	2010	
3877	3228	
3878	1321	
3878	802	
3879	3161	
3879	3028	
3880	3130	
3880	849	
3881	3	
3881	3063	
3882	184	
3882	113	
3883	2679	
3883	2441	
3884	65	
3884	2254	
3885	670	
3885	3311	
3886	674	
3886	124	
3887	1832	
3887	1715	
3888	2756	
3888	1840	
3889	695	
3889	1908	
3890	76	
3890	487	
3891	424	
3891	1329	
3892	3033	
3892	397	
3893	2811	
3893	2223	
3894	0	
3894	682	
3895	32	
3895	2035	
3896	3690	
3896	2382	
3897	755	
3897	949	
3898	22	
3898	98	
3899	521	
3899	3389	
3900	3396	
3900	1133	
3901	27	
3901	364	
3902	1378	
3902	2056	
3903	1085	
3903	774	
3904	1272	
3904	1862	
3905	2962	
3905	3144	
3906	0	
3906	3	
3907	2679	
3907	1796	
3908	120	
3908	1108	
3909	854	
3909	1566	
3910	3083	
3910	315	
3911	1656	
3911	273	
3912	1727	
3912	29	
3913	534	
3913	14	
3914	585	
3914	2136	
3915	992	
3915	9	
3916	417	
3916	3482	
3917	1768	
3917	1447	
3918	159	
3918	740	
3919	1432	
3919	548	
3920	124	
3920	1	
3921	984	
3921	248	
3922	608	
3922	37	
3923	66	
3923	371	
3924	4	
3924	1325	
3925	3758	
3925	1045	
3926	1304	
3926	393	
3927	12	
3927	209	
3928	8	
3928	740	
3929	3629	
3929	744	
3930	3706	
3930	1180	
3931	1484	
3931	439	
3932	5	
3932	3	
3933	295	
3933	1878	
3934	3187	
3934	1175	
3935	614	
3935	393	
3936	425	
3936	3447	
3937	1654	
3937	3516	
3938	0	
3938	2126	
3939	12	
3939	302	
3940	269	
3940	295	
3941	219	
3941	91	
3942	9	
3942	2384	
3943	2200	
3943	1591	
3944	478	
3944	485	
3945	2475	
3945	67	
3946	626	
3946	213	
3947	3698	
3947	168	
3948	3666	
3948	521	
3949	780	
3949	164	
3950	0	
3950	567	
3951	232	
3951	755	
3952	2583	
3952	369	
3953	22	
3953	3516	
3954	171	
3954	29	
3955	425	
3955	1854	
3956	2794	
3956	3595	
3957	914	
3957	20	
3958	3690	
3958	3866	
3959	4	
3959	2292	
3960	3513	
3960	3521	
3961	2647	
3961	1195	
3962	2694	
3962	1003	
3963	2123	
3963	744	
3964	104	
3964	5	
3965	31	
3965	1303	
3966	974	
3966	216	
3967	812	
3967	77	
3968	1412	
3968	921	
3969	3818	
3969	3898	
3970	2	
3970	618	
3971	1196	
3971	3261	
3972	3181	
3972	942	
3973	465	
3973	1546	
3974	1526	
3974	318	
3975	66	
3975	124	
3976	614	
3976	2856	
3977	694	
3977	2551	
3978	46	
3978	13	
3979	3880	
3979	3966	
3980	2750	
3980	1938	
3981	1479	
3981	3960	
3982	3912	
3982	980	
3983	119	
3983	111	
3984	2602	
3984	482	
3985	3261	
3985	1508	
3986	33	
3986	2913	
3987	280	
3987	1403	
3988	1992	
3988	268	
3989	3028	
3989	3014	
3990	3785	
3990	5	
3991	151	
3991	2182	
3992	570	
3992	184	
3993	501	
3993	2627	
3994	2296	
3994	1898	
3995	2043	
3995	189	
3996	464	
3996	1050	
3997	2077	
3997	899	
3998	2508	
3998	1142	
3999	1060	
3999	970	
4000	2052	
4000	434	
4001	2819	
4001	54	
4002	2458	
4002	2357	
4003	3353	
4003	1850	
4004	2063	
4004	184	
4005	1174	
4005	1943	
4006	1654	
4006	1706	
4007	249	
4007	1338	
4008	2257	
4008	2175	
4009	2654	
4009	302	
4010	3332	
4010	97	
4011	2632	
4011	1788	
4012	143	
4012	113	
4013	1436	
4013	2287	
4014	2794	
4014	2375	
4015	862	
4015	603	
4016	2303	
4016	593	
4017	119	
4017	1471	
4018	8	
4018	761	
4019	2832	
4019	641	
4020	1119	
4020	2685	
4021	160	
4021	2366	
4022	3242	
4022	1287	
4023	239	
4023	34	
4024	1172	
4024	1607	
4025	662	
4025	1843	
4026	619	
4026	319	
4027	12	
4027	164	
4028	15	
4028	3248	
4029	2595	
4029	692	
4030	2090	
4030	1748	
4031	3291	
4031	664	
4032	1090	
4032	3933	
4033	1938	
4033	3485	
4034	1160	
4034	118	
4035	339	
4035	198	
4036	3094	
4036	9	
4037	62	
4037	1110	
4038	1797	
4038	230	
4039	4	
4039	1	
4040	3217	
4040	1706	
4041	31	
4041	305	
4042	1675	
4042	3401	
4043	139	
4043	3756	
4044	2640	
4044	883	
4045	393	
4045	2305	
4046	2026	
4046	1869	
4047	1753	
4047	600	
4048	2208	
4048	119	
4049	1495	
4049	2273	
4050	1172	
4050	536	
4051	746	
4051	3697	
4052	1880	
4052	854	
4053	4032	
4053	127	
4054	1182	
4054	120	
4055	576	
4055	305	
4056	77	
4056	16	
4057	408	
4057	46	
4058	2682	
4058	3598	
4059	2495	
4059	578	
4060	634	
4060	81	
4061	1017	
4061	3385	
4062	2028	
4062	509	
4063	786	
4063	790	
4064	445	
4064	948	
4065	1096	
4065	1018	
4066	0	
4066	621	
4067	365	
4067	1722	
4068	1	
4068	13	
4069	3217	
4069	2266	
4070	2260	
4070	3270	
4071	3460	
4071	104	
4072	2384	
4072	2096	
4073	2979	
4073	1	
4074	1831	
4074	286	
4075	579	
4075	61	
4076	3699	
4076	2449	
4077	94	
4077	2440	
4078	332	
4078	167	
4079	2900	
4079	3799	
4080	465	
4080	3948	
4081	791	
4081	639	
4082	1236	
4082	1874	
4083	3234	
4083	1735	
4084	17	
4084	978	
4085	354	
4085	0	
4086	147	
4086	3828	
4087	274	
4087	157	
4088	666	
4088	3519	
4089	3605	
4089	1391	
4090	1760	
4090	2844	
4091	584	
4091	188	
4092	2636	
4092	2007	
4093	916	
4093	1	
4094	1839	
4094	2791	
4095	728	
4095	1734	
4096	3868	
4096	378	
4097	2472	
4097	734	
4098	793	
4098	2007	
4099	14	
4099	1402	
4100	276	
4100	2804	
4101	40	
4101	1147	
4102	759	
4102	3928	
4103	3024	
4103	173	
4104	2803	
4104	1381	
4105	140	
4105	164	
4106	3020	
4106	1575	
4107	46	
4107	3355	
4108	655	
4108	2678	
4109	5	
4109	22	
4110	2269	
4110	2755	
4111	1367	
4111	857	
4112	1556	
4112	1362	
4113	585	
4113	554	
4114	1374	
4114	3611	
4115	1584	
4115	527	
4116	30	
4116	2255	
4117	1598	
4117	1737	
4118	1767	
4118	1257	
4119	38	
4119	356	
4120	0	
4120	17	
4121	1594	
4121	7	
4122	3	
4122	1619	
4123	2844	
4123	2224	
4124	477	
4124	1084	
4125	3104	
4125	213	
4126	5	
4126	2782	
4127	1806	
4127	1516	
4128	2561	
4128	948	
4129	846	
4129	2468	
4130	1284	
4130	3423	
4131	213	
4131	75	
4132	300	
4132	708	
4133	1285	
4133	1075	
4134	2328	
4134	492	
4135	327	
4135	2886	
4136	4	
4136	573	
4137	1920	
4137	9	
4138	1316	
4138	3289	
4139	1829	
4139	1205	
4140	666	
4140	2355	
4141	587	
4141	916	
4142	2342	
4142	1056	
4143	3498	
4143	1694	
4144	120	
4144	167	
4145	1693	
4145	4128	
4146	1516	
4146	122	
4147	1011	
4147	754	
4148	1668	
4148	1209	
4149	2	
4149	0	
4150	222	
4150	4	
4151	1452	
4151	1041	
4152	113	
4152	3424	
4153	177	
4153	3835	
4154	1183	
4154	985	
4155	1830	
4155	755	
4156	1036	
4156	2	
4157	562	
4157	1452	
4158	2235	
4158	1323	
4159	1020	
4159	549	
4160	1506	
4160	1044	
4161	4108	
4161	101	
4162	1546	
4162	399	
4163	3395	
4163	3671	
4164	142	
4164	618	
4165	1176	
4165	2942	
4166	319	
4166	474	
4167	65	
4167	211	
4168	2847	
4168	2100	
4169	841	
4169	322	
4170	1744	
4170	1053	
4171	2554	
4171	2488	
4172	2182	
4172	430	
4173	12	
4173	146	
4174	1011	
4174	2247	
4175	830	
4175	2929	
4176	17	
4176	1651	
4177	3845	
4177	82	
4178	51	
4178	3582	
4179	3201	
4179	2217	
4180	22	
4180	2043	
4181	1	
4181	981	
4182	2160	
4182	4158	
4183	3466	
4183	251	
4184	1458	
4184	397	
4185	5	
4185	378	
4186	340	
4186	15	
4187	3210	
4187	291	
4188	419	
4188	133	
4189	33	
4189	1609	
4190	130	
4190	2547	
4191	2158	
4191	895	
4192	2314	
4192	662	
4193	668	
4193	1768	
4194	477	
4194	1919	
4195	2166	
4195	37	
4196	1751	
4196	2767	
4197	2709	
4197	131	
4198	9	
4198	2728	
4199	2989	
4199	12	
4200	129	
4200	2379	
4201	12	
4201	31	
4202	966	
4202	570	
4203	2127	
4203	3042	
4204	1783	
4204	1975	
4205	1124	
4205	4	
4206	1637	
4206	1031	
4207	164	
4207	3066	
4208	3506	
4208	46	
4209	1294	
4209	72	
4210	40	
4210	238	
4211	1797	
4211	1765	
4212	508	
4212	1284	
4213	1727	
4213	3966	
4214	754	
4214	1363	
4215	2382	
4215	927	
4216	986	
4216	1785	
4217	3945	
4217	1155	
4218	3407	
4218	1321	
4219	3926	
4219	2470	
4220	369	
4220	830	
4221	2336	
4221	522	
4222	383	
4222	2058	
4223	1803	
4223	3929	
4224	8	
4224	1807	
4225	46	
4225	3031	
4226	3845	
4226	439	
4227	2741	
4227	254	
4228	2674	
4228	340	
4229	1869	
4229	1895	
4230	1628	
4230	58	
4231	578	
4231	1163	
4232	1227	
4232	63	
4233	1697	
4233	187	
4234	3452	
4234	3342	
4235	184	
4235	1166	
4236	3783	
4236	1356	
4237	1742	
4237	301	
4238	490	
4238	279	
4239	2483	
4239	4198	
4240	2462	
4240	748	
4241	78	
4241	2788	
4242	9	
4242	1793	
4243	174	
4243	8	
4244	2673	
4244	3516	
4245	825	
4245	3261	
4246	55	
4246	514	
4247	414	
4247	1458	
4248	1264	
4248	2952	
4249	492	
4249	1464	
4250	1013	
4250	1572	
4251	3699	
4251	3549	
4252	944	
4252	2297	
4253	910	
4253	358	
4254	1149	
4254	9	
4255	50	
4255	846	
4256	2975	
4256	412	
4257	60	
4257	2959	
4258	198	
4258	1	
4259	2639	
4259	1028	
4260	322	
4260	3170	
4261	3436	
4261	3981	
4262	5	
4262	65	
4263	62	
4263	353	
4264	3122	
4264	3965	
4265	2429	
4265	3023	
4266	383	
4266	0	
4267	1189	
4267	3	
4268	3228	
4268	91	
4269	3079	
4269	1941	
4270	363	
4270	0	
4271	168	
4271	13	
4272	172	
4272	2669	
4273	3797	
4273	1113	
4274	3772	
4274	178	
4275	712	
4275	364	
4276	504	
4276	40	
4277	802	
4277	37	
4278	67	
4278	781	
4279	292	
4279	1259	
4280	4146	
4280	238	
4281	4157	
4281	3948	
4282	1810	
4282	664	
4283	346	
4283	182	
4284	505	
4284	1195	
4285	3391	
4285	993	
4286	2449	
4286	12	
4287	769	
4287	3727	
4288	3844	
4288	3101	
4289	3437	
4289	166	
4290	568	
4290	12	
4291	2694	
4291	901	
4292	223	
4292	61	
4293	2637	
4293	199	
4294	3034	
4294	140	
4295	15	
4295	1267	
4296	1516	
4296	3497	
4297	1184	
4297	2106	
4298	1160	
4298	48	
4299	754	
4299	40	
4300	162	
4300	68	
4301	9	
4301	1207	
4302	1916	
4302	190	
4303	15	
4303	623	
4304	439	
4304	0	
4305	1983	
4305	12	
4306	290	
4306	859	
4307	1660	
4307	275	
4308	584	
4308	3882	
4309	96	
4309	7	
4310	266	
4310	747	
4311	2820	
4311	2523	
4312	1123	
4312	2381	
4313	306	
4313	1586	
4314	1149	
4314	1361	
4315	2	
4315	1742	
4316	3738	
4316	2460	
4317	180	
4317	854	
4318	865	
4318	953	
4319	616	
4319	0	
4320	2141	
4320	393	
4321	723	
4321	4	
4322	42	
4322	262	
4323	889	
4323	280	
4324	393	
4324	75	
4325	42	
4325	17	
4326	29	
4326	70	
4327	1767	
4327	4041	
4328	2129	
4328	17	
4329	1227	
4329	0	
4330	3680	
4330	81	
4331	56	
4331	0	
4332	151	
4332	2214	
4333	1790	
4333	1569	
4334	81	
4334	3220	
4335	853	
4335	2272	
4336	1985	
4336	445	
4337	1424	
4337	2853	
4338	0	
4338	719	
4339	2382	
4339	398	
4340	2522	
4340	2589	
4341	1768	
4341	1560	
4342	2564	
4342	760	
4343	1751	
4343	151	
4344	450	
4344	2375	
4345	4	
4345	4232	
4346	1997	
4346	389	
4347	1768	
4347	2100	
4348	2534	
4348	3276	
4349	12	
4349	162	
4350	1084	
4350	1023	
4351	374	
4351	2200	
4352	3877	
4352	116	
4353	47	
4353	3601	
4354	2166	
4354	3230	
4355	3368	
4355	1172	
4356	1719	
4356	996	
4357	92	
4357	2039	
4358	499	
4358	517	
4359	2594	
4359	2403	
4360	1780	
4360	53	
4361	3352	
4361	916	
4362	639	
4362	1109	
4363	734	
4363	991	
4364	1651	
4364	1553	
4365	1308	
4365	125	
4366	3418	
4366	838	
4367	3284	
4367	824	
4368	631	
4368	1028	
4369	533	
4369	1560	
4370	1805	
4370	1694	
4371	82	
4371	416	
4372	3779	
4372	706	
4373	826	
4373	133	
4374	1073	
4374	5	
4375	3796	
4375	249	
4376	58	
4376	48	
4377	1623	
4377	13	
4378	295	
4378	292	
4379	93	
4379	664	
4380	3180	
4380	2903	
4381	1633	
4381	320	
4382	546	
4382	3138	
4383	4363	
4383	1632	
4384	4310	
4384	907	
4385	4344	
4385	3819	
4386	3482	
4386	2145	
4387	2242	
4387	570	
4388	3226	
4388	192	
4389	2084	
4389	2157	
4390	1656	
4390	1832	
4391	3594	
4391	1352	
4392	588	
4392	118	
4393	107	
4393	320	
4394	254	
4394	46	
4395	1168	
4395	2479	
4396	2435	
4396	4143	
4397	118	
4397	1	
4398	1441	
4398	3544	
4399	824	
4399	362	
4400	4231	
4400	2582	
4401	187	
4401	2515	
4402	139	
4402	99	
4403	2124	
4403	1751	
4404	2530	
4404	77	
4405	1329	
4405	1984	
4406	2269	
4406	633	
4407	684	
4407	3200	
4408	59	
4408	259	
4409	3242	
4409	414	
4410	3349	
4410	1679	
4411	8	
4411	156	
4412	2254	
4412	7	
4413	1193	
4413	2128	
4414	3668	
4414	2720	
4415	2819	
4415	2526	
4416	2029	
4416	1971	
4417	1222	
4417	2068	
4418	3549	
4418	10	
4419	22	
4419	685	
4420	70	
4420	3715	
4421	2	
4421	336	
4422	1046	
4422	802	
4423	4245	
4423	1488	
4424	458	
4424	3183	
4425	968	
4425	123	
4426	644	
4426	667	
4427	173	
4427	1512	
4428	550	
4428	1277	
4429	738	
4429	740	
4430	644	
4430	2429	
4431	2015	
4431	1640	
4432	1492	
4432	3792	
4433	3528	
4433	63	
4434	30	
4434	1227	
4435	2709	
4435	102	
4436	1799	
4436	3012	
4437	1268	
4437	1060	
4438	269	
4438	5	
4439	160	
4439	962	
4440	3	
4440	2	
4441	61	
4441	1942	
4442	1714	
4442	5	
4443	521	
4443	46	
4444	631	
4444	1098	
4445	3927	
4445	4381	
4446	1706	
4446	4	
4447	1182	
4447	2214	
4448	520	
4448	3074	
4449	1985	
4449	285	
4450	965	
4450	2234	
4451	1645	
4451	2407	
4452	31	
4452	1960	
4453	3762	
4453	12	
4454	4391	
4454	1140	
4455	865	
4455	1137	
4456	983	
4456	435	
4457	718	
4457	592	
4458	84	
4458	242	
4459	2287	
4459	199	
4460	2068	
4460	1078	
4461	1998	
4461	50	
4462	4176	
4462	3928	
4463	2059	
4463	177	
4464	2515	
4464	212	
4465	1694	
4465	7	
4466	617	
4466	2751	
4467	344	
4467	246	
4468	979	
4468	2688	
4469	803	
4469	1217	
4470	644	
4470	67	
4471	5	
4471	4404	
4472	5	
4472	2989	
4473	268	
4473	1658	
4474	60	
4474	2032	
4475	1211	
4475	1797	
4476	518	
4476	1731	
4477	1282	
4477	156	
4478	715	
4478	2857	
4479	942	
4479	1211	
4480	2794	
4480	922	
4481	3629	
4481	231	
4482	2984	
4482	4143	
4483	809	
4483	2	
4484	3484	
4484	4	
4485	2012	
4485	165	
4486	2111	
4486	284	
4487	195	
4487	1146	
4488	307	
4488	135	
4489	8	
4489	1369	
4490	747	
4490	22	
4491	2994	
4491	697	
4492	1247	
4492	1257	
4493	3461	
4493	825	
4494	1243	
4494	4223	
4495	1	
4495	641	
4496	1483	
4496	780	
4497	37	
4497	556	
4498	1084	
4498	1027	
4499	1406	
4499	2524	
4500	1768	
4500	2997	
4501	2401	
4501	133	
4502	3624	
4502	280	
4503	41	
4503	3494	
4504	3292	
4504	1287	
4505	1474	
4505	42	
4506	1056	
4506	192	
4507	1612	
4507	2632	
4508	1746	
4508	645	
4509	967	
4509	2907	
4510	1916	
4510	3124	
4511	867	
4511	2521	
4512	664	
4512	1258	
4513	160	
4513	2163	
4514	2226	
4514	1621	
4515	81	
4515	603	
4516	91	
4516	19	
4517	12	
4517	541	
4518	1724	
4518	1240	
4519	2512	
4519	307	
4520	1981	
4520	1550	
4521	1	
4521	4197	
4522	1214	
4522	3198	
4523	2548	
4523	569	
4524	90	
4524	3258	
4525	871	
4525	42	
4526	2341	
4526	2973	
4527	2331	
4527	3859	
4528	1783	
4528	2573	
4529	1427	
4529	644	
4530	932	
4530	1807	
4531	1158	
4531	14	
4532	3	
4532	322	
4533	1192	
4533	572	
4534	61	
4534	1176	
4535	29	
4535	12	
4536	2187	
4536	1368	
4537	4099	
4537	1690	
4538	472	
4538	2889	
4539	18	
4539	4458	
4540	2597	
4540	162	
4541	646	
4541	3427	
4542	506	
4542	595	
4543	2665	
4543	950	
4544	3856	
4544	1520	
4545	0	
4545	267	
4546	604	
4546	3793	
4547	3669	
4547	644	
4548	2	
4548	696	
4549	625	
4549	1856	
4550	527	
4550	2016	
4551	4376	
4551	4237	
4552	61	
4552	137	
4553	710	
4553	440	
4554	573	
4554	3936	
4555	335	
4555	3187	
4556	419	
4556	105	
4557	269	
4557	880	
4558	2416	
4558	4064	
4559	685	
4559	124	
4560	4535	
4560	1	
4561	2376	
4561	4195	
4562	2417	
4562	2932	
4563	1087	
4563	9	
4564	6	
4564	4128	
4565	389	
4565	915	
4566	3209	
4566	1163	
4567	148	
4567	4178	
4568	306	
4568	2535	
4569	2394	
4569	31	
4570	2462	
4570	53	
4571	4141	
4571	445	
4572	2590	
4572	3	
4573	867	
4573	3776	
4574	3208	
4574	32	
4575	336	
4575	158	
4576	2613	
4576	1713	
4577	487	
4577	4186	
4578	1214	
4578	2214	
4579	503	
4579	131	
4580	105	
4580	3	
4581	653	
4581	2586	
4582	3547	
4582	1330	
4583	594	
4583	393	
4584	1607	
4584	19	
4585	2724	
4585	2860	
4586	297	
4586	315	
4587	1806	
4587	42	
4588	318	
4588	1809	
4589	2344	
4589	160	
4590	227	
4590	573	
4591	12	
4591	3777	
4592	300	
4592	948	
4593	2989	
4593	942	
4594	485	
4594	3	
4595	707	
4595	18	
4596	1509	
4596	160	
4597	37	
4597	608	
4598	595	
4598	548	
4599	15	
4599	1182	
4600	2592	
4600	1204	
4601	2533	
4601	1	
4602	580	
4602	484	
4603	2443	
4603	194	
4604	70	
4604	494	
4605	409	
4605	4134	
4606	48	
4606	354	
4607	306	
4607	1	
4608	2319	
4608	81	
4609	1683	
4609	863	
4610	794	
4610	266	
4611	1361	
4611	707	
4612	2132	
4612	1473	
4613	631	
4613	3102	
4614	3017	
4614	1123	
4615	2975	
4615	840	
4616	1300	
4616	3949	
4617	306	
4617	76	
4618	43	
4618	296	
4619	1542	
4619	3627	
4620	2979	
4620	4475	
4621	2667	
4621	1889	
4622	678	
4622	1144	
4623	464	
4623	959	
4624	1119	
4624	3080	
4625	1321	
4625	2083	
4626	2281	
4626	3217	
4627	1550	
4627	1	
4628	1	
4628	2975	
4629	1030	
4629	1141	
4630	993	
4630	1766	
4631	4115	
4631	82	
4632	3550	
4632	2449	
4633	582	
4633	521	
4634	338	
4634	20	
4635	809	
4635	2172	
4636	3764	
4636	5	
4637	63	
4637	1210	
4638	1477	
4638	1854	
4639	1384	
4639	1056	
4640	58	
4640	123	
4641	3179	
4641	2551	
4642	2813	
4642	534	
4643	152	
4643	71	
4644	301	
4644	25	
4645	66	
4645	1173	
4646	132	
4646	681	
4647	2765	
4647	5	
4648	3697	
4648	3405	
4649	939	
4649	1380	
4650	291	
4650	3143	
4651	653	
4651	898	
4652	162	
4652	804	
4653	2861	
4653	1513	
4654	3473	
4654	655	
4655	197	
4655	1698	
4656	350	
4656	698	
4657	65	
4657	4427	
4658	3516	
4658	368	
4659	4148	
4659	217	
4660	301	
4660	60	
4661	922	
4661	2625	
4662	1002	
4662	959	
4663	1136	
4663	2859	
4664	3273	
4664	2843	
4665	722	
4665	1219	
4666	49	
4666	1461	
4667	1168	
4667	268	
4668	1612	
4668	1661	
4669	1518	
4669	1797	
4670	70	
4670	752	
4671	946	
4671	1916	
4672	2985	
4672	188	
4673	1014	
4673	1136	
4674	3468	
4674	327	
4675	647	
4675	3	
4676	1	
4676	105	
4677	4107	
4677	4118	
4678	1221	
4678	1421	
4679	182	
4679	506	
4680	76	
4680	1197	
4681	859	
4681	2541	
4682	1470	
4682	715	
4683	2637	
4683	1134	
4684	156	
4684	1704	
4685	2273	
4685	287	
4686	3454	
4686	959	
4687	477	
4687	2123	
4688	2228	
4688	3775	
4689	427	
4689	166	
4690	446	
4690	3798	
4691	3424	
4691	1543	
4692	2224	
4692	4259	
4693	1373	
4693	1325	
4694	109	
4694	894	
4695	3825	
4695	3615	
4696	580	
4696	1467	
4697	194	
4697	1263	
4698	4502	
4698	884	
4699	4628	
4699	3448	
4700	198	
4700	4418	
4701	2991	
4701	3080	
4702	231	
4702	394	
4703	2785	
4703	15	
4704	38	
4704	324	
4705	1093	
4705	2687	
4706	749	
4706	3244	
4707	2463	
4707	160	
4708	1689	
4708	3272	
4709	1604	
4709	2898	
4710	3631	
4710	3528	
4711	1276	
4711	4327	
4712	197	
4712	0	
4713	2944	
4713	4043	
4714	749	
4714	3424	
4715	4554	
4715	426	
4716	12	
4716	2751	
4717	3881	
4717	982	
4718	5	
4718	2364	
4719	2227	
4719	1045	
4720	506	
4720	1847	
4721	358	
4721	2026	
4722	4633	
4722	2550	
4723	171	
4723	964	
4724	208	
4724	1874	
4725	3054	
4725	2545	
4726	3289	
4726	2100	
4727	3565	
4727	604	
4728	1696	
4728	948	
4729	1978	
4729	3137	
4730	1145	
4730	3419	
4731	763	
4731	5	
4732	364	
4732	1665	
4733	1033	
4733	42	
4734	2823	
4734	1373	
4735	3321	
4735	3075	
4736	3261	
4736	3451	
4737	599	
4737	77	
4738	1746	
4738	509	
4739	722	
4739	265	
4740	114	
4740	2405	
4741	603	
4741	177	
4742	3217	
4742	2161	
4743	2166	
4743	68	
4744	1524	
4744	4685	
4745	1970	
4745	3201	
4746	1752	
4746	1971	
4747	3105	
4747	1694	
4748	1566	
4748	1651	
4749	509	
4749	1012	
4750	1526	
4750	1880	
4751	3852	
4751	421	
4752	284	
4752	554	
4753	2854	
4753	212	
4754	854	
4754	534	
4755	539	
4755	2344	
4756	209	
4756	4552	
4757	2794	
4757	2742	
4758	468	
4758	2776	
4759	1592	
4759	1886	
4760	469	
4760	501	
4761	13	
4761	655	
4762	2679	
4762	1172	
4763	2395	
4763	2831	
4764	3131	
4764	857	
4765	2522	
4765	2	
4766	196	
4766	3663	
4767	1029	
4767	857	
4768	566	
4768	4644	
4769	7	
4769	2350	
4770	285	
4770	1317	
4771	4481	
4771	419	
4772	517	
4772	3493	
4773	2	
4773	3140	
4774	775	
4774	3323	
4775	53	
4775	1221	
4776	141	
4776	1728	
4777	1613	
4777	1943	
4778	1554	
4778	2194	
4779	1151	
4779	1943	
4780	1	
4780	365	
4781	599	
4781	7	
4782	72	
4782	181	
4783	2	
4783	4353	
4784	7	
4784	352	
4785	4	
4785	182	
4786	1558	
4786	2449	
4787	102	
4787	2440	
4788	1621	
4788	485	
4789	1020	
4789	1244	
4790	3582	
4790	3240	
4791	2482	
4791	2045	
4792	2158	
4792	1546	
4793	426	
4793	1876	
4794	708	
4794	1305	
4795	948	
4795	1490	
4796	559	
4796	3783	
4797	286	
4797	1623	
4798	943	
4798	1367	
4799	4394	
4799	4382	
4800	959	
4800	138	
4801	3	
4801	12	
4802	1389	
4802	2579	
4803	1771	
4803	4556	
4804	285	
4804	3354	
4805	3600	
4805	3003	
4806	99	
4806	2318	
4807	2758	
4807	383	
4808	1100	
4808	1059	
4809	2300	
4809	32	
4810	92	
4810	677	
4811	2820	
4811	128	
4812	65	
4812	1297	
4813	3833	
4813	1088	
4814	3805	
4814	3681	
4815	1694	
4815	2755	
4816	2978	
4816	191	
4817	2619	
4817	966	
4818	4232	
4818	967	
4819	2	
4819	611	
4820	2466	
4820	1017	
4821	856	
4821	729	
4822	492	
4822	986	
4823	1146	
4823	3488	
4824	811	
4824	24	
4825	2257	
4825	1560	
4826	1119	
4826	1739	
4827	1633	
4827	740	
4828	3527	
4828	4400	
4829	145	
4829	536	
4830	3886	
4830	269	
4831	88	
4831	4617	
4832	1119	
4832	850	
4833	364	
4833	399	
4834	243	
4834	2632	
4835	4190	
4835	809	
4836	1533	
4836	2545	
4837	2261	
4837	2953	
4838	59	
4838	56	
4839	13	
4839	77	
4840	931	
4840	2523	
4841	1615	
4841	751	
4842	2198	
4842	1910	
4843	3917	
4843	873	
4844	162	
4844	1302	
4845	684	
4845	1380	
4846	1361	
4846	2057	
4847	2377	
4847	1272	
4848	17	
4848	740	
4849	93	
4849	435	
4850	1229	
4850	1467	
4851	3252	
4851	4613	
4852	1247	
4852	2602	
4853	2145	
4853	387	
4854	4329	
4854	2677	
4855	1519	
4855	115	
4856	2374	
4856	279	
4857	30	
4857	2044	
4858	2139	
4858	3917	
4859	1998	
4859	2724	
4860	3925	
4860	13	
4861	145	
4861	363	
4862	1266	
4862	209	
4863	504	
4863	1421	
4864	371	
4864	249	
4865	320	
4865	4567	
4866	1419	
4866	3355	
4867	13	
4867	182	
4868	896	
4868	41	
4869	2759	
4869	4259	
4870	3561	
4870	953	
4871	4459	
4871	282	
4872	1214	
4872	0	
4873	559	
4873	290	
4874	8	
4874	3769	
4875	1978	
4875	103	
4876	4508	
4876	4587	
4877	2258	
4877	1205	
4878	235	
4878	1	
4879	3984	
4879	1332	
4880	4532	
4880	1633	
4881	4394	
4881	1669	
4882	2762	
4882	1621	
4883	4257	
4883	1055	
4884	609	
4884	4563	
4885	2728	
4885	1750	
4886	1533	
4886	498	
4887	88	
4887	4796	
4888	366	
4888	4201	
4889	3438	
4889	3407	
4890	11	
4890	25	
4891	1879	
4891	2041	
4892	1145	
4892	120	
4893	815	
4893	4368	
4894	2362	
4894	167	
4895	484	
4895	194	
4896	126	
4896	1857	
4897	4386	
4897	197	
4898	242	
4898	3147	
4899	1908	
4899	1090	
4900	1074	
4900	3	
4901	3595	
4901	3965	
4902	895	
4902	1350	
4903	3838	
4903	421	
4904	1916	
4904	990	
4905	1471	
4905	3736	
4906	1747	
4906	5	
4907	273	
4907	1689	
4908	2563	
4908	18	
4909	284	
4909	90	
4910	1957	
4910	4105	
4911	351	
4911	1739	
4912	11	
4912	9	
4913	756	
4913	2099	
4914	2236	
4914	1563	
4915	269	
4915	160	
4916	74	
4916	1133	
4917	2357	
4917	295	
4918	1052	
4918	324	
4919	3994	
4919	446	
4920	537	
4920	1391	
4921	3080	
4921	1693	
4922	292	
4922	495	
4923	3	
4923	1603	
4924	62	
4924	2327	
4925	1314	
4925	704	
4926	742	
4926	787	
4927	930	
4927	2	
4928	4629	
4928	46	
4929	3234	
4929	1591	
4930	1267	
4930	4391	
4931	2787	
4931	3524	
4932	3410	
4932	19	
4933	391	
4933	3368	
4934	648	
4934	2597	
4935	3040	
4935	1046	
4936	383	
4936	2292	
4937	541	
4937	4821	
4938	209	
4938	1282	
4939	976	
4939	1190	
4940	282	
4940	1342	
4941	4479	
4941	2622	
4942	4420	
4942	3592	
4943	631	
4943	8	
4944	862	
4944	1482	
4945	149	
4945	604	
4946	2820	
4946	12	
4947	40	
4947	4932	
4948	287	
4948	31	
4949	5	
4949	1868	
4950	981	
4950	162	
4951	9	
4951	1245	
4952	1533	
4952	4333	
4953	436	
4953	3721	
4954	662	
4954	328	
4955	3543	
4955	1310	
4956	3363	
4956	1797	
4957	2258	
4957	21	
4958	4852	
4958	1549	
4959	1208	
4959	1446	
4960	4	
4960	2302	
4961	3362	
4961	124	
4962	77	
4962	8	
4963	17	
4963	1004	
4964	139	
4964	538	
4965	3155	
4965	696	
4966	2491	
4966	4014	
4967	44	
4967	949	
4968	811	
4968	3580	
4969	323	
4969	3172	
4970	266	
4970	240	
4971	1284	
4971	41	
4972	2940	
4972	1316	
4973	257	
4973	12	
4974	3413	
4974	3206	
4975	248	
4975	2153	
4976	1927	
4976	597	
4977	1395	
4977	4821	
4978	4805	
4978	32	
4979	814	
4979	417	
4980	1685	
4980	64	
4981	3226	
4981	1858	
4982	3213	
4982	181	
4983	350	
4983	1442	
4984	162	
4984	1368	
4985	162	
4985	98	
4986	0	
4986	31	
4987	1756	
4987	4709	
4988	71	
4988	639	
4989	1459	
4989	30	
4990	991	
4990	4166	
4991	3288	
4991	3437	
4992	139	
4992	3811	
4993	1040	
4993	1567	
4994	563	
4994	812	
4995	2457	
4995	3922	
4996	1859	
4996	607	
4997	2460	
4997	2238	
4998	5	
4998	809	
4999	2912	
4999	782	
