1	136	
2	150	
3	126	
4	65	
5	114	
6	162	
7	14	
8	21	
9	106	
10	104	
11	11	
12	40	
13	135	
14	49	
15	43	
16	60	
17	19	
18	63	
19	23	
20	41	
21	35	
22	15	
23	29	
24	19	
25	9	
26	39	
27	9	
28	5	
29	3	
30	47	
31	23	
32	50	
33	27	
34	19	
35	4	
36	7	
37	10	
38	29	
39	10	
40	6	
41	38	
42	36	
43	37	
44	15	
45	15	
46	5	
47	37	
48	9	
49	40	
50	12	
51	28	
52	5	
53	12	
54	16	
55	13	
56	16	
57	12	
58	3	
59	14	
60	12	
61	24	
62	33	
63	13	
64	16	
65	23	
66	29	
67	11	
68	31	
69	19	
70	9	
71	19	
72	13	
73	16	
74	4	
75	15	
76	20	
77	15	
78	35	
79	5	
80	4	
81	7	
82	29	
83	13	
84	3	
85	5	
86	4	
87	12	
88	4	
89	16	
90	2	
91	16	
92	13	
93	8	
94	23	
95	15	
96	3	
97	8	
98	19	
99	9	
100	10	
101	6	
102	15	
103	12	
104	13	
105	5	
106	21	
107	18	
108	33	
109	4	
110	13	
111	2	
112	8	
113	17	
114	14	
115	9	
116	10	
117	10	
118	7	
119	16	
120	26	
121	48	
122	4	
123	19	
124	16	
125	24	
126	7	
127	13	
128	19	
129	17	
130	9	
131	10	
132	5	
133	8	
134	13	
135	3	
136	7	
137	9	
138	8	
139	16	
140	13	
141	13	
142	10	
143	15	
144	14	
145	3	
146	10	
147	12	
148	8	
149	7	
150	8	
151	7	
152	19	
153	8	
154	12	
155	5	
156	5	
157	25	
158	12	
159	24	
160	10	
161	23	
162	4	
163	29	
164	15	
165	11	
166	8	
167	11	
168	14	
169	13	
170	3	
171	8	
172	8	
173	23	
174	8	
175	5	
176	3	
177	6	
178	15	
179	7	
180	3	
181	6	
182	15	
183	22	
184	19	
185	19	
186	3	
187	4	
188	19	
189	22	
190	6	
191	11	
192	5	
193	10	
194	5	
195	11	
196	11	
197	8	
198	16	
199	19	
200	17	
201	2	
202	5	
203	13	
204	13	
205	4	
206	16	
207	6	
208	3	
209	10	
210	19	
211	2	
212	5	
213	10	
214	15	
215	11	
216	7	
217	14	
218	5	
219	5	
220	18	
221	3	
222	3	
223	11	
224	10	
225	5	
226	3	
227	3	
228	10	
229	5	
230	8	
231	12	
232	18	
233	7	
234	14	
235	2	
236	5	
237	16	
238	3	
239	7	
240	9	
241	6	
242	6	
243	9	
244	9	
245	2	
246	7	
247	8	
248	3	
249	10	
250	20	
251	5	
252	7	
253	4	
254	7	
255	10	
256	7	
257	5	
258	8	
259	8	
260	12	
261	2	
262	3	
263	9	
264	12	
265	2	
266	13	
267	9	
268	3	
269	22	
270	24	
271	8	
272	5	
273	9	
274	15	
275	7	
276	7	
277	9	
278	7	
279	9	
280	10	
281	15	
282	2	
283	8	
284	14	
285	16	
286	20	
287	20	
288	11	
289	5	
290	6	
291	7	
292	9	
293	14	
294	8	
295	2	
296	18	
297	3	
298	15	
299	4	
300	3	
301	7	
302	8	
303	14	
304	8	
305	7	
306	5	
307	15	
308	7	
309	3	
310	5	
311	3	
312	4	
313	3	
314	5	
315	5	
316	20	
317	2	
318	4	
319	9	
320	17	
321	14	
322	7	
323	6	
324	9	
325	10	
326	5	
327	3	
328	12	
329	8	
330	5	
331	4	
332	5	
333	18	
334	2	
335	3	
336	6	
337	6	
338	2	
339	8	
340	5	
341	19	
342	4	
343	4	
344	3	
345	4	
346	9	
347	8	
348	2	
349	9	
350	2	
351	11	
352	10	
353	4	
354	4	
355	16	
356	3	
357	3	
358	2	
359	7	
360	7	
361	4	
362	4	
363	12	
364	10	
365	16	
366	15	
367	6	
368	6	
369	7	
370	9	
371	2	
372	10	
373	4	
374	6	
375	5	
376	2	
377	3	
378	5	
379	8	
380	3	
381	3	
382	2	
383	2	
384	10	
385	6	
386	2	
387	7	
388	6	
389	4	
390	13	
391	5	
392	3	
393	16	
394	17	
395	4	
396	4	
397	3	
398	7	
399	4	
400	4	
401	5	
402	3	
403	4	
404	5	
405	3	
406	3	
407	8	
408	4	
409	9	
410	4	
411	5	
412	4	
413	4	
414	3	
415	10	
416	2	
417	4	
418	13	
419	4	
420	21	
421	3	
422	7	
423	3	
424	5	
425	3	
426	4	
427	8	
428	13	
429	3	
430	5	
431	4	
432	4	
433	3	
434	9	
435	7	
436	8	
437	6	
438	4	
439	6	
440	14	
441	4	
442	5	
443	3	
444	2	
445	9	
446	11	
447	14	
448	4	
449	5	
450	2	
451	9	
452	3	
453	6	
454	3	
455	8	
456	6	
457	6	
458	4	
459	9	
460	3	
461	7	
462	2	
463	2	
464	4	
465	6	
466	11	
467	4	
468	2	
469	6	
470	6	
471	4	
472	4	
473	14	
474	2	
475	4	
476	5	
477	3	
478	18	
479	9	
480	6	
481	3	
482	11	
483	10	
484	2	
485	7	
486	10	
487	3	
488	11	
489	3	
490	2	
491	5	
492	7	
493	13	
494	13	
495	9	
496	4	
497	3	
498	2	
499	5	
500	4	
501	3	
502	5	
503	5	
504	8	
505	12	
506	13	
507	9	
508	2	
509	6	
510	9	
511	3	
512	5	
513	2	
514	2	
515	4	
516	4	
517	5	
518	6	
519	4	
520	6	
521	3	
522	16	
523	6	
524	4	
525	5	
526	2	
527	4	
528	9	
529	4	
530	6	
531	3	
532	3	
533	4	
534	7	
535	16	
536	2	
537	9	
538	5	
539	11	
540	9	
541	2	
542	8	
543	4	
544	4	
545	2	
546	4	
547	5	
548	4	
549	9	
550	6	
551	4	
552	7	
553	2	
554	2	
555	8	
556	4	
557	8	
558	4	
559	5	
560	12	
561	9	
562	3	
563	8	
564	9	
565	3	
566	6	
567	7	
568	6	
569	6	
570	6	
571	8	
572	3	
573	8	
574	20	
575	6	
576	6	
577	6	
578	13	
579	10	
580	3	
581	6	
582	3	
583	11	
584	2	
585	6	
586	7	
587	8	
588	5	
589	6	
590	4	
591	2	
592	2	
593	6	
594	6	
595	4	
596	4	
597	3	
598	3	
599	6	
600	10	
601	4	
602	10	
603	7	
604	9	
605	10	
606	2	
607	2	
608	5	
609	8	
610	8	
611	4	
612	4	
613	3	
614	3	
615	9	
616	5	
617	6	
618	3	
619	5	
620	9	
621	6	
622	8	
623	3	
624	8	
625	4	
626	5	
627	5	
628	5	
629	2	
630	3	
631	5	
632	17	
633	5	
634	4	
635	3	
636	7	
637	6	
638	9	
639	3	
640	9	
641	3	
642	8	
643	2	
644	3	
645	21	
646	6	
647	9	
648	4	
649	5	
650	2	
651	2	
652	5	
653	2	
654	11	
655	3	
656	10	
657	4	
658	4	
659	3	
660	7	
661	3	
662	4	
663	7	
664	4	
665	10	
666	4	
667	12	
668	4	
669	6	
670	2	
671	6	
672	8	
673	10	
674	5	
675	4	
676	3	
677	6	
678	10	
679	4	
680	4	
681	5	
682	3	
683	4	
684	4	
685	9	
686	8	
687	4	
688	5	
689	3	
690	3	
691	2	
692	6	
693	4	
694	7	
695	4	
696	7	
697	8	
698	4	
699	5	
700	3	
701	4	
702	5	
703	5	
704	6	
705	7	
706	4	
707	4	
708	7	
709	7	
710	5	
711	6	
712	2	
713	4	
714	2	
715	4	
716	8	
717	3	
718	5	
719	3	
720	7	
721	3	
722	3	
723	12	
724	7	
725	3	
726	6	
727	6	
728	12	
729	4	
730	6	
731	3	
732	11	
733	3	
734	4	
735	11	
736	2	
737	2	
738	3	
739	8	
740	4	
741	13	
742	3	
743	6	
744	4	
745	9	
746	2	
747	10	
748	7	
749	6	
750	8	
751	3	
752	9	
753	3	
754	2	
755	8	
756	10	
757	4	
758	5	
759	7	
760	5	
761	6	
762	4	
763	6	
764	4	
765	2	
766	5	
767	2	
768	4	
769	2	
770	3	
771	2	
772	4	
773	6	
774	8	
775	9	
776	5	
777	2	
778	3	
779	3	
780	2	
781	15	
782	3	
783	6	
784	5	
785	2	
786	4	
787	4	
788	10	
789	2	
790	3	
791	5	
792	3	
793	4	
794	7	
795	5	
796	4	
797	2	
798	4	
799	2	
800	2	
801	6	
802	3	
803	12	
804	5	
805	6	
806	3	
807	2	
808	2	
809	3	
810	10	
811	4	
812	17	
813	5	
814	3	
815	5	
816	7	
817	5	
818	6	
819	4	
820	3	
821	5	
822	2	
823	2	
824	2	
825	7	
826	18	
827	7	
828	4	
829	3	
830	4	
831	9	
832	7	
833	4	
834	3	
835	7	
836	6	
837	3	
838	2	
839	4	
840	5	
841	5	
842	3	
843	3	
844	3	
845	3	
846	2	
847	13	
848	3	
849	3	
850	4	
851	9	
852	4	
853	2	
854	5	
855	19	
856	2	
857	5	
858	10	
859	6	
860	5	
861	4	
862	3	
863	6	
864	4	
865	4	
866	13	
867	2	
868	8	
869	4	
870	3	
871	3	
872	10	
873	4	
874	4	
875	2	
876	4	
877	6	
878	4	
879	3	
880	2	
881	11	
882	2	
883	4	
884	5	
885	4	
886	4	
887	2	
888	4	
889	5	
890	8	
891	4	
892	3	
893	5	
894	5	
895	7	
896	8	
897	4	
898	5	
899	9	
900	3	
901	8	
902	6	
903	4	
904	2	
905	4	
906	4	
907	5	
908	3	
909	6	
910	3	
911	5	
912	2	
913	2	
914	3	
915	4	
916	6	
917	10	
918	10	
919	5	
920	2	
921	9	
922	4	
923	4	
924	4	
925	3	
926	2	
927	3	
928	6	
929	2	
930	3	
931	4	
932	6	
933	5	
934	2	
935	3	
936	4	
937	3	
938	2	
939	6	
940	6	
941	4	
942	5	
943	9	
944	3	
945	3	
946	5	
947	7	
948	4	
949	15	
950	6	
951	8	
952	5	
953	3	
954	7	
955	2	
956	3	
957	3	
958	4	
959	4	
960	14	
961	6	
962	2	
963	3	
964	4	
965	5	
966	7	
967	12	
968	9	
969	7	
970	3	
971	12	
972	8	
973	3	
974	2	
975	7	
976	11	
977	11	
978	3	
979	5	
980	3	
981	5	
982	10	
983	3	
984	7	
985	5	
986	9	
987	11	
988	2	
989	2	
990	2	
991	5	
992	4	
993	5	
994	10	
995	4	
996	2	
997	5	
998	8	
999	3	
1000	2	
1001	3	
1002	2	
1003	4	
1004	3	
1005	5	
1006	3	
1007	4	
1008	4	
1009	2	
1010	3	
1011	7	
1012	6	
1013	7	
1014	10	
1015	5	
1016	5	
1017	3	
1018	9	
1019	7	
1020	9	
1021	7	
1022	4	
1023	2	
1024	3	
1025	3	
1026	3	
1027	3	
1028	12	
1029	5	
1030	6	
1031	5	
1032	11	
1033	2	
1034	4	
1035	5	
1036	3	
1037	6	
1038	2	
1039	10	
1040	3	
1041	7	
1042	4	
1043	3	
1044	2	
1045	4	
1046	4	
1047	8	
1048	4	
1049	2	
1050	2	
1051	3	
1052	3	
1053	7	
1054	3	
1055	3	
1056	4	
1057	6	
1058	2	
1059	2	
1060	7	
1061	7	
1062	6	
1063	3	
1064	2	
1065	2	
1066	4	
1067	2	
1068	2	
1069	4	
1070	3	
1071	3	
1072	2	
1073	6	
1074	5	
1075	4	
1076	5	
1077	10	
1078	2	
1079	5	
1080	2	
1081	2	
1082	2	
1083	3	
1084	2	
1085	12	
1086	6	
1087	2	
1088	6	
1089	3	
1090	2	
1091	7	
1092	4	
1093	3	
1094	3	
1095	2	
1096	2	
1097	10	
1098	3	
1099	7	
1100	2	
1101	4	
1102	6	
1103	4	
1104	4	
1105	3	
1106	4	
1107	3	
1108	2	
1109	3	
1110	4	
1111	5	
1112	3	
1113	2	
1114	5	
1115	2	
1116	3	
1117	2	
1118	4	
1119	3	
1120	12	
1121	5	
1122	2	
1123	2	
1124	9	
1125	3	
1126	2	
1127	3	
1128	4	
1129	3	
1130	2	
1131	4	
1132	3	
1133	4	
1134	6	
1135	3	
1136	6	
1137	4	
1138	4	
1139	6	
1140	3	
1141	5	
1142	3	
1143	6	
1144	2	
1145	7	
1146	4	
1147	12	
1148	5	
1149	3	
1150	6	
1151	3	
1152	5	
1153	2	
1154	4	
1155	2	
1156	5	
1157	5	
1158	2	
1159	7	
1160	3	
1161	6	
1162	2	
1163	2	
1164	6	
1165	4	
1166	3	
1167	5	
1168	3	
1169	4	
1170	5	
1171	2	
1172	2	
1173	15	
1174	10	
1175	4	
1176	5	
1177	5	
1178	6	
1179	2	
1180	2	
1181	4	
1182	9	
1183	11	
1184	3	
1185	4	
1186	5	
1187	3	
1188	3	
1189	12	
1190	7	
1191	7	
1192	6	
1193	5	
1194	4	
1195	3	
1196	7	
1197	7	
1198	4	
1199	3	
1200	3	
1201	2	
1202	2	
1203	2	
1204	3	
1205	5	
1206	4	
1207	4	
1208	5	
1209	3	
1210	5	
1211	7	
1212	4	
1213	3	
1214	2	
1215	7	
1216	3	
1217	5	
1218	4	
1219	5	
1220	5	
1221	6	
1222	5	
1223	5	
1224	3	
1225	2	
1226	3	
1227	7	
1228	8	
1229	6	
1230	6	
1231	4	
1232	2	
1233	2	
1234	3	
1235	3	
1236	2	
1237	7	
1238	3	
1239	6	
1240	5	
1241	4	
1242	3	
1243	6	
1244	4	
1245	8	
1246	3	
1247	4	
1248	6	
1249	2	
1250	3	
1251	3	
1252	2	
1253	5	
1254	5	
1255	3	
1256	2	
1257	4	
1258	7	
1259	6	
1260	4	
1261	3	
1262	5	
1263	4	
1264	3	
1265	4	
1266	3	
1267	5	
1268	4	
1269	8	
1270	2	
1271	3	
1272	2	
1273	5	
1274	2	
1275	3	
1276	6	
1277	3	
1278	8	
1279	2	
1280	2	
1281	2	
1282	2	
1283	8	
1284	7	
1285	8	
1286	7	
1287	4	
1288	9	
1289	2	
1290	3	
1291	2	
1292	3	
1293	3	
1294	4	
1295	5	
1296	3	
1297	2	
1298	4	
1299	2	
1300	4	
1301	4	
1302	3	
1303	4	
1304	4	
1305	8	
1306	4	
1307	3	
1308	4	
1309	5	
1310	4	
1311	3	
1312	3	
1313	3	
1314	3	
1315	6	
1316	3	
1317	4	
1318	3	
1319	2	
1320	4	
1321	3	
1322	10	
1323	5	
1324	5	
1325	4	
1326	7	
1327	3	
1328	2	
1329	2	
1330	6	
1331	3	
1332	3	
1333	6	
1334	2	
1335	3	
1336	2	
1337	3	
1338	4	
1339	3	
1340	3	
1341	4	
1342	4	
1343	3	
1344	3	
1345	4	
1346	3	
1347	2	
1348	5	
1349	2	
1350	5	
1351	7	
1352	3	
1353	10	
1354	6	
1355	3	
1356	3	
1357	5	
1358	2	
1359	2	
1360	2	
1361	3	
1362	7	
1363	4	
1364	5	
1365	4	
1366	2	
1367	2	
1368	6	
1369	6	
1370	4	
1371	4	
1372	2	
1373	2	
1374	5	
1375	3	
1376	3	
1377	2	
1378	5	
1379	4	
1380	2	
1381	5	
1382	5	
1383	3	
1384	2	
1385	6	
1386	3	
1387	2	
1388	3	
1389	4	
1390	4	
1391	2	
1392	6	
1393	3	
1394	4	
1395	2	
1396	6	
1397	3	
1398	4	
1399	6	
1400	2	
1401	2	
1402	2	
1403	8	
1404	5	
1405	6	
1406	4	
1407	7	
1408	6	
1409	5	
1410	3	
1411	3	
1412	3	
1413	5	
1414	2	
1415	2	
1416	3	
1417	3	
1418	4	
1419	4	
1420	3	
1421	3	
1422	6	
1423	3	
1424	3	
1425	5	
1426	2	
1427	3	
1428	6	
1429	2	
1430	3	
1431	4	
1432	2	
1433	4	
1434	7	
1435	3	
1436	2	
1437	4	
1438	2	
1439	3	
1440	2	
1441	3	
1442	3	
1443	5	
1444	2	
1445	4	
1446	2	
1447	8	
1448	3	
1449	3	
1450	6	
1451	2	
1452	3	
1453	8	
1454	2	
1455	3	
1456	2	
1457	3	
1458	2	
1459	4	
1460	6	
1461	2	
1462	3	
1463	6	
1464	9	
1465	5	
1466	2	
1467	3	
1468	7	
1469	4	
1470	3	
1471	8	
1472	5	
1473	3	
1474	6	
1475	5	
1476	2	
1477	4	
1478	3	
1479	4	
1480	5	
1481	2	
1482	2	
1483	5	
1484	5	
1485	4	
1486	2	
1487	3	
1488	3	
1489	5	
1490	2	
1491	5	
1492	5	
1493	6	
1494	3	
1495	2	
1496	3	
1497	2	
1498	2	
1499	3	
1500	4	
1501	5	
1502	3	
1503	2	
1504	2	
1505	2	
1506	6	
1507	5	
1508	2	
1509	4	
1510	7	
1511	2	
1512	2	
1513	5	
1514	6	
1515	4	
1516	2	
1517	8	
1518	2	
1519	7	
1520	5	
1521	4	
1522	2	
1523	3	
1524	2	
1525	9	
1526	2	
1527	8	
1528	2	
1529	2	
1530	3	
1531	5	
1532	3	
1533	8	
1534	7	
1535	2	
1536	2	
1537	2	
1538	2	
1539	2	
1540	5	
1541	2	
1542	2	
1543	6	
1544	7	
1545	3	
1546	2	
1547	7	
1548	5	
1549	3	
1550	4	
1551	4	
1552	4	
1553	2	
1554	3	
1555	8	
1556	3	
1557	3	
1558	2	
1559	5	
1560	3	
1561	6	
1562	2	
1563	4	
1564	3	
1565	3	
1566	2	
1567	4	
1568	3	
1569	2	
1570	3	
1571	4	
1572	3	
1573	7	
1574	5	
1575	3	
1576	4	
1577	2	
1578	5	
1579	5	
1580	2	
1581	4	
1582	4	
1583	2	
1584	2	
1585	8	
1586	3	
1587	5	
1588	2	
1589	4	
1590	2	
1591	2	
1592	6	
1593	3	
1594	2	
1595	5	
1596	2	
1597	2	
1598	2	
1599	4	
1600	4	
1601	3	
1602	2	
1603	4	
1604	4	
1605	4	
1606	3	
1607	2	
1608	7	
1609	4	
1610	3	
1611	3	
1612	3	
1613	4	
1614	3	
1615	2	
1616	4	
1617	2	
1618	2	
1619	4	
1620	3	
1621	3	
1622	8	
1623	2	
1624	9	
1625	2	
1626	3	
1627	3	
1628	2	
1629	4	
1630	4	
1631	3	
1632	7	
1633	8	
1634	5	
1635	2	
1636	3	
1637	3	
1638	3	
1639	2	
1640	3	
1641	4	
1642	2	
1643	5	
1644	2	
1645	2	
1646	3	
1647	2	
1648	5	
1649	2	
1650	3	
1651	2	
1652	9	
1653	4	
1654	2	
1655	4	
1656	3	
1657	8	
1658	2	
1659	4	
1660	3	
1661	6	
1662	3	
1663	5	
1664	2	
1665	3	
1666	3	
1667	3	
1668	2	
1669	3	
1670	4	
1671	4	
1672	2	
1673	4	
1674	4	
1675	2	
1676	4	
1677	3	
1678	2	
1679	2	
1680	6	
1681	2	
1682	2	
1683	3	
1684	5	
1685	2	
1686	5	
1687	2	
1688	2	
1689	2	
1690	10	
1691	4	
1692	3	
1693	3	
1694	4	
1695	8	
1696	3	
1697	4	
1698	5	
1699	3	
1700	3	
1701	4	
1702	2	
1703	2	
1704	2	
1705	5	
1706	5	
1707	8	
1708	3	
1709	2	
1710	2	
1711	3	
1712	2	
1713	2	
1714	3	
1715	8	
1716	5	
1717	3	
1718	2	
1719	3	
1720	4	
1721	3	
1722	3	
1723	4	
1724	3	
1725	5	
1726	2	
1727	3	
1728	5	
1729	11	
1730	2	
1731	2	
1732	3	
1733	2	
1734	3	
1735	3	
1736	5	
1737	2	
1738	5	
1739	2	
1740	6	
1741	4	
1742	3	
1743	9	
1744	3	
1745	4	
1746	2	
1747	5	
1748	4	
1749	3	
1750	2	
1751	3	
1752	10	
1753	4	
1754	4	
1755	2	
1756	3	
1757	4	
1758	3	
1759	2	
1760	3	
1761	3	
1762	4	
1763	4	
1764	2	
1765	4	
1766	7	
1767	6	
1768	5	
1769	9	
1770	3	
1771	2	
1772	4	
1773	4	
1774	3	
1775	3	
1776	2	
1777	3	
1778	5	
1779	3	
1780	3	
1781	4	
1782	3	
1783	3	
1784	9	
1785	2	
1786	4	
1787	2	
1788	5	
1789	3	
1790	2	
1791	4	
1792	3	
1793	3	
1794	5	
1795	5	
1796	2	
1797	3	
1798	9	
1799	2	
1800	6	
1801	4	
1802	2	
1803	2	
1804	4	
1805	4	
1806	5	
1807	5	
1808	5	
1809	2	
1810	5	
1811	3	
1812	4	
1813	6	
1814	2	
1815	5	
1816	3	
1817	4	
1818	6	
1819	2	
1820	4	
1821	2	
1822	4	
1823	2	
1824	2	
1825	2	
1826	3	
1827	2	
1828	3	
1829	2	
1830	6	
1831	3	
1832	3	
1833	5	
1834	3	
1835	3	
1836	2	
1837	2	
1838	3	
1839	2	
1840	4	
1841	6	
1842	2	
1843	3	
1844	4	
1845	2	
1846	2	
1847	4	
1848	3	
1849	2	
1850	2	
1851	4	
1852	2	
1853	2	
1854	2	
1855	6	
1856	2	
1857	3	
1858	3	
1859	3	
1860	3	
1861	2	
1862	7	
1863	3	
1864	2	
1865	2	
1866	3	
1867	2	
1868	2	
1869	3	
1870	6	
1871	3	
1872	3	
1873	3	
1874	3	
1875	4	
1876	2	
1877	3	
1878	4	
1879	3	
1880	11	
1881	4	
1882	3	
1883	2	
1884	2	
1885	5	
1886	3	
1887	4	
1888	2	
1889	2	
1890	3	
1891	2	
1892	2	
1893	2	
1894	2	
1895	3	
1896	4	
1897	3	
1898	2	
1899	6	
1900	3	
1901	4	
1902	2	
1903	3	
1904	2	
1905	2	
1906	2	
1907	2	
1908	2	
1909	4	
1910	2	
1911	4	
1912	4	
1913	3	
1914	2	
1915	2	
1916	2	
1917	7	
1918	7	
1919	3	
1920	4	
1921	3	
1922	2	
1923	2	
1924	2	
1925	2	
1926	6	
1927	3	
1928	3	
1929	4	
1930	3	
1931	2	
1932	2	
1933	2	
1934	2	
1935	2	
1936	3	
1937	2	
1938	2	
1939	4	
1940	2	
1941	3	
1942	3	
1943	3	
1944	9	
1945	2	
1946	2	
1947	4	
1948	2	
1949	3	
1950	3	
1951	3	
1952	5	
1953	4	
1954	4	
1955	3	
1956	5	
1957	2	
1958	6	
1959	3	
1960	2	
1961	4	
1962	2	
1963	2	
1964	3	
1965	2	
1966	3	
1967	2	
1968	2	
1969	2	
1970	2	
1971	5	
1972	4	
1973	3	
1974	2	
1975	2	
1976	4	
1977	3	
1978	2	
1979	4	
1980	2	
1981	2	
1982	3	
1983	3	
1984	4	
1985	4	
1986	4	
1987	2	
1988	2	
1989	4	
1990	2	
1991	3	
1992	4	
1993	6	
1994	2	
1995	2	
1996	2	
1997	2	
1998	4	
1999	6	
2000	2	
2001	4	
2002	2	
2003	2	
2004	2	
2005	2	
2006	2	
2007	3	
2008	4	
2009	4	
2010	2	
2011	3	
2012	2	
2013	4	
2014	5	
2015	2	
2016	4	
2017	3	
2018	2	
2019	3	
2020	3	
2021	3	
2022	2	
2023	3	
2024	2	
2025	2	
2026	2	
2027	8	
2028	3	
2029	3	
2030	4	
2031	3	
2032	2	
2033	7	
2034	4	
2035	5	
2036	3	
2037	2	
2038	2	
2039	4	
2040	4	
2041	2	
2042	6	
2043	2	
2044	8	
2045	5	
2046	4	
2047	2	
2048	3	
2049	3	
2050	3	
2051	4	
2052	2	
2053	3	
2054	3	
2055	2	
2056	2	
2057	5	
2058	3	
2059	5	
2060	5	
2061	2	
2062	3	
2063	3	
2064	3	
2065	2	
2066	3	
2067	2	
2068	3	
2069	6	
2070	5	
2071	3	
2072	2	
2073	2	
2074	4	
2075	2	
2076	2	
2077	2	
2078	3	
2079	2	
2080	2	
2081	3	
2082	3	
2083	5	
2084	3	
2085	3	
2086	4	
2087	2	
2088	2	
2089	2	
2090	2	
2091	3	
2092	3	
2093	3	
2094	3	
2095	4	
2096	2	
2097	4	
2098	2	
2099	2	
2100	3	
2101	9	
2102	2	
2103	3	
2104	2	
2105	3	
2106	4	
2107	4	
2108	2	
2109	2	
2110	3	
2111	2	
2112	3	
2113	3	
2114	2	
2115	3	
2116	2	
2117	3	
2118	2	
2119	2	
2120	3	
2121	5	
2122	2	
2123	2	
2124	7	
2125	4	
2126	3	
2127	4	
2128	6	
2129	5	
2130	3	
2131	2	
2132	4	
2133	3	
2134	4	
2135	2	
2136	4	
2137	3	
2138	2	
2139	2	
2140	4	
2141	3	
2142	3	
2143	2	
2144	3	
2145	2	
2146	4	
2147	2	
2148	2	
2149	2	
2150	2	
2151	2	
2152	3	
2153	2	
2154	4	
2155	2	
2156	3	
2157	3	
2158	5	
2159	4	
2160	2	
2161	5	
2162	4	
2163	2	
2164	4	
2165	5	
2166	2	
2167	7	
2168	3	
2169	2	
2170	3	
2171	2	
2172	2	
2173	3	
2174	3	
2175	4	
2176	3	
2177	2	
2178	2	
2179	2	
2180	2	
2181	3	
2182	3	
2183	4	
2184	2	
2185	4	
2186	2	
2187	3	
2188	3	
2189	2	
2190	2	
2191	2	
2192	2	
2193	4	
2194	2	
2195	3	
2196	3	
2197	3	
2198	2	
2199	3	
2200	3	
2201	5	
2202	2	
2203	3	
2204	2	
2205	2	
2206	3	
2207	2	
2208	2	
2209	3	
2210	2	
2211	3	
2212	5	
2213	3	
2214	2	
2215	6	
2216	4	
2217	2	
2218	3	
2219	3	
2220	2	
2221	3	
2222	2	
2223	2	
2224	4	
2225	4	
2226	2	
2227	3	
2228	3	
2229	3	
2230	2	
2231	3	
2232	2	
2233	3	
2234	3	
2235	4	
2236	3	
2237	3	
2238	3	
2239	3	
2240	2	
2241	3	
2242	2	
2243	4	
2244	2	
2245	4	
2246	2	
2247	2	
2248	3	
2249	2	
2250	2	
2251	3	
2252	2	
2253	2	
2254	2	
2255	7	
2256	3	
2257	2	
2258	4	
2259	4	
2260	5	
2261	6	
2262	6	
2263	2	
2264	2	
2265	6	
2266	2	
2267	3	
2268	2	
2269	2	
2270	4	
2271	2	
2272	2	
2273	4	
2274	5	
2275	2	
2276	3	
2277	2	
2278	2	
2279	2	
2280	3	
2281	2	
2282	4	
2283	2	
2284	2	
2285	3	
2286	2	
2287	2	
2288	5	
2289	2	
2290	2	
2291	3	
2292	2	
2293	6	
2294	2	
2295	3	
2296	4	
2297	6	
2298	5	
2299	3	
2300	2	
2301	3	
2302	4	
2303	3	
2304	4	
2305	2	
2306	4	
2307	3	
2308	2	
2309	2	
2310	3	
2311	2	
2312	2	
2313	3	
2314	3	
2315	5	
2316	4	
2317	2	
2318	3	
2319	3	
2320	7	
2321	2	
2322	2	
2323	2	
2324	2	
2325	2	
2326	5	
2327	2	
2328	4	
2329	4	
2330	3	
2331	3	
2332	3	
2333	2	
2334	2	
2335	2	
2336	2	
2337	3	
2338	2	
2339	3	
2340	2	
2341	4	
2342	3	
2343	3	
2344	3	
2345	6	
2346	2	
2347	2	
2348	2	
2349	2	
2350	2	
2351	3	
2352	2	
2353	2	
2354	2	
2355	2	
2356	4	
2357	3	
2358	4	
2359	2	
2360	2	
2361	2	
2362	3	
2363	4	
2364	2	
2365	3	
2366	3	
2367	3	
2368	3	
2369	2	
2370	2	
2371	3	
2372	2	
2373	2	
2374	4	
2375	4	
2376	7	
2377	4	
2378	4	
2379	2	
2380	3	
2381	2	
2382	3	
2383	7	
2384	5	
2385	4	
2386	3	
2387	2	
2388	2	
2389	3	
2390	2	
2391	2	
2392	2	
2393	2	
2394	2	
2395	4	
2396	3	
2397	2	
2398	2	
2399	2	
2400	2	
2401	2	
2402	3	
2403	2	
2404	4	
2405	2	
2406	3	
2407	2	
2408	3	
2409	3	
2410	2	
2411	2	
2412	2	
2413	2	
2414	2	
2415	2	
2416	3	
2417	3	
2418	4	
2419	2	
2420	2	
2421	3	
2422	2	
2423	2	
2424	2	
2425	2	
2426	2	
2427	2	
2428	2	
2429	4	
2430	5	
2431	2	
2432	2	
2433	2	
2434	2	
2435	3	
2436	3	
2437	3	
2438	2	
2439	2	
2440	3	
2441	5	
2442	3	
2443	2	
2444	3	
2445	2	
2446	2	
2447	2	
2448	2	
2449	2	
2450	7	
2451	2	
2452	2	
2453	2	
2454	3	
2455	4	
2456	3	
2457	2	
2458	3	
2459	3	
2460	3	
2461	4	
2462	2	
2463	4	
2464	4	
2465	4	
2466	2	
2467	3	
2468	2	
2469	4	
2470	3	
2471	3	
2472	3	
2473	3	
2474	2	
2475	2	
2476	3	
2477	2	
2478	2	
2479	2	
2480	3	
2481	2	
2482	2	
2483	3	
2484	3	
2485	2	
2486	2	
2487	2	
2488	2	
2489	4	
2490	2	
2491	2	
2492	5	
2493	2	
2494	2	
2495	3	
2496	3	
2497	3	
2498	3	
2499	3	
2500	2	
2501	2	
2502	2	
2503	2	
2504	2	
2505	3	
2506	2	
2507	2	
2508	2	
2509	4	
2510	2	
2511	2	
2512	2	
2513	6	
2514	2	
2515	3	
2516	5	
2517	3	
2518	3	
2519	4	
2520	2	
2521	2	
2522	3	
2523	4	
2524	5	
2525	5	
2526	3	
2527	3	
2528	2	
2529	2	
2530	3	
2531	3	
2532	3	
2533	3	
2534	4	
2535	3	
2536	6	
2537	2	
2538	2	
2539	3	
2540	2	
2541	3	
2542	5	
2543	3	
2544	2	
2545	3	
2546	5	
2547	2	
2548	4	
2549	4	
2550	2	
2551	3	
2552	4	
2553	3	
2554	2	
2555	4	
2556	4	
2557	2	
2558	3	
2559	2	
2560	2	
2561	2	
2562	3	
2563	2	
2564	3	
2565	3	
2566	2	
2567	4	
2568	2	
2569	2	
2570	2	
2571	2	
2572	3	
2573	2	
2574	4	
2575	4	
2576	2	
2577	2	
2578	2	
2579	2	
2580	3	
2581	4	
2582	2	
2583	5	
2584	3	
2585	3	
2586	2	
2587	5	
2588	3	
2589	2	
2590	3	
2591	3	
2592	2	
2593	6	
2594	2	
2595	3	
2596	3	
2597	3	
2598	4	
2599	2	
2600	3	
2601	3	
2602	2	
2603	5	
2604	3	
2605	3	
2606	2	
2607	2	
2608	4	
2609	2	
2610	2	
2611	2	
2612	2	
2613	2	
2614	3	
2615	2	
2616	2	
2617	2	
2618	3	
2619	2	
2620	5	
2621	2	
2622	3	
2623	3	
2624	2	
2625	2	
2626	3	
2627	3	
2628	4	
2629	2	
2630	3	
2631	4	
2632	3	
2633	6	
2634	2	
2635	2	
2636	9	
2637	5	
2638	5	
2639	2	
2640	3	
2641	4	
2642	2	
2643	3	
2644	3	
2645	2	
2646	3	
2647	3	
2648	3	
2649	2	
2650	2	
2651	2	
2652	3	
2653	2	
2654	2	
2655	3	
2656	2	
2657	4	
2658	2	
2659	2	
2660	2	
2661	2	
2662	2	
2663	2	
2664	2	
2665	2	
2666	4	
2667	2	
2668	3	
2669	2	
2670	3	
2671	2	
2672	2	
2673	2	
2674	4	
2675	3	
2676	2	
2677	2	
2678	3	
2679	5	
2680	5	
2681	3	
2682	2	
2683	3	
2684	2	
2685	3	
2686	3	
2687	2	
2688	4	
2689	4	
2690	2	
2691	3	
2692	2	
2693	5	
2694	3	
2695	4	
2696	2	
2697	2	
2698	2	
2699	2	
2700	2	
2701	2	
2702	3	
2703	2	
2704	3	
2705	2	
2706	2	
2707	2	
2708	2	
2709	2	
2710	6	
2711	2	
2712	2	
2713	2	
2714	2	
2715	2	
2716	3	
2717	2	
2718	2	
2719	3	
2720	2	
2721	4	
2722	2	
2723	2	
2724	2	
2725	7	
2726	2	
2727	2	
2728	3	
2729	4	
2730	3	
2731	2	
2732	3	
2733	2	
2734	2	
2735	2	
2736	3	
2737	2	
2738	4	
2739	2	
2740	2	
2741	2	
2742	3	
2743	4	
2744	2	
2745	2	
2746	2	
2747	2	
2748	2	
2749	2	
2750	4	
2751	4	
2752	4	
2753	2	
2754	2	
2755	2	
2756	4	
2757	3	
2758	2	
2759	3	
2760	3	
2761	2	
2762	2	
2763	4	
2764	2	
2765	2	
2766	3	
2767	4	
2768	6	
2769	2	
2770	2	
2771	2	
2772	3	
2773	2	
2774	2	
2775	4	
2776	2	
2777	5	
2778	2	
2779	2	
2780	2	
2781	2	
2782	2	
2783	3	
2784	2	
2785	2	
2786	3	
2787	2	
2788	3	
2789	4	
2790	2	
2791	2	
2792	3	
2793	4	
2794	2	
2795	7	
2796	2	
2797	2	
2798	2	
2799	2	
2800	2	
2801	3	
2802	3	
2803	3	
2804	3	
2805	3	
2806	2	
2807	2	
2808	2	
2809	2	
2810	2	
2811	3	
2812	3	
2813	3	
2814	3	
2815	2	
2816	2	
2817	4	
2818	2	
2819	2	
2820	4	
2821	7	
2822	2	
2823	2	
2824	5	
2825	2	
2826	2	
2827	3	
2828	4	
2829	3	
2830	2	
2831	4	
2832	5	
2833	4	
2834	2	
2835	2	
2836	2	
2837	2	
2838	2	
2839	3	
2840	3	
2841	2	
2842	2	
2843	3	
2844	5	
2845	4	
2846	2	
2847	2	
2848	3	
2849	2	
2850	2	
2851	4	
2852	2	
2853	2	
2854	3	
2855	3	
2856	2	
2857	3	
2858	3	
2859	2	
2860	4	
2861	3	
2862	3	
2863	2	
2864	2	
2865	2	
2866	2	
2867	2	
2868	2	
2869	2	
2870	3	
2871	2	
2872	2	
2873	2	
2874	2	
2875	2	
2876	3	
2877	2	
2878	4	
2879	3	
2880	2	
2881	2	
2882	2	
2883	3	
2884	2	
2885	2	
2886	3	
2887	3	
2888	3	
2889	3	
2890	3	
2891	2	
2892	2	
2893	2	
2894	2	
2895	2	
2896	3	
2897	2	
2898	2	
2899	3	
2900	2	
2901	3	
2902	2	
2903	2	
2904	3	
2905	3	
2906	2	
2907	2	
2908	3	
2909	3	
2910	3	
2911	2	
2912	3	
2913	5	
2914	3	
2915	2	
2916	3	
2917	3	
2918	4	
2919	2	
2920	2	
2921	2	
2922	2	
2923	3	
2924	2	
2925	3	
2926	2	
2927	2	
2928	2	
2929	3	
2930	4	
2931	2	
2932	2	
2933	3	
2934	4	
2935	2	
2936	2	
2937	2	
2938	3	
2939	2	
2940	2	
2941	4	
2942	2	
2943	3	
2944	2	
2945	4	
2946	2	
2947	2	
2948	2	
2949	2	
2950	3	
2951	2	
2952	2	
2953	3	
2954	3	
2955	3	
2956	2	
2957	2	
2958	3	
2959	2	
2960	5	
2961	4	
2962	2	
2963	3	
2964	2	
2965	2	
2966	2	
2967	2	
2968	2	
2969	2	
2970	2	
2971	2	
2972	2	
2973	3	
2974	3	
2975	2	
2976	5	
2977	2	
2978	3	
2979	3	
2980	4	
2981	2	
2982	2	
2983	2	
2984	2	
2985	3	
2986	4	
2987	2	
2988	2	
2989	2	
2990	5	
2991	2	
2992	3	
2993	2	
2994	3	
2995	3	
2996	2	
2997	2	
2998	3	
2999	2	
3000	2	
3001	2	
3002	2	
3003	2	
3004	3	
3005	2	
3006	2	
3007	3	
3008	3	
3009	3	
3010	4	
3011	2	
3012	2	
3013	5	
3014	2	
3015	5	
3016	2	
3017	2	
3018	3	
3019	3	
3020	2	
3021	3	
3022	2	
3023	3	
3024	3	
3025	4	
3026	2	
3027	2	
3028	2	
3029	4	
3030	2	
3031	2	
3032	4	
3033	2	
3034	3	
3035	4	
3036	3	
3037	2	
3038	2	
3039	2	
3040	2	
3041	3	
3042	2	
3043	3	
3044	2	
3045	4	
3046	3	
3047	2	
3048	2	
3049	2	
3050	2	
3051	3	
3052	2	
3053	4	
3054	2	
3055	3	
3056	3	
3057	3	
3058	3	
3059	2	
3060	2	
3061	2	
3062	2	
3063	3	
3064	3	
3065	2	
3066	3	
3067	3	
3068	2	
3069	2	
3070	3	
3071	2	
3072	2	
3073	2	
3074	2	
3075	3	
3076	3	
3077	2	
3078	2	
3079	2	
3080	3	
3081	8	
3082	3	
3083	2	
3084	3	
3085	3	
3086	2	
3087	2	
3088	2	
3089	2	
3090	2	
3091	2	
3092	2	
3093	2	
3094	2	
3095	3	
3096	2	
3097	2	
3098	2	
3099	2	
3100	3	
3101	2	
3102	3	
3103	3	
3104	2	
3105	3	
3106	3	
3107	2	
3108	2	
3109	2	
3110	2	
3111	2	
3112	2	
3113	2	
3114	2	
3115	2	
3116	3	
3117	2	
3118	2	
3119	2	
3120	2	
3121	2	
3122	2	
3123	4	
3124	3	
3125	3	
3126	2	
3127	2	
3128	2	
3129	2	
3130	2	
3131	3	
3132	3	
3133	2	
3134	2	
3135	2	
3136	4	
3137	2	
3138	3	
3139	3	
3140	2	
3141	3	
3142	2	
3143	2	
3144	3	
3145	4	
3146	2	
3147	3	
3148	3	
3149	2	
3150	3	
3151	2	
3152	2	
3153	2	
3154	2	
3155	2	
3156	3	
3157	2	
3158	2	
3159	2	
3160	2	
3161	2	
3162	3	
3163	3	
3164	2	
3165	2	
3166	2	
3167	2	
3168	2	
3169	2	
3170	2	
3171	4	
3172	2	
3173	3	
3174	2	
3175	3	
3176	2	
3177	2	
3178	2	
3179	2	
3180	3	
3181	3	
3182	3	
3183	2	
3184	3	
3185	2	
3186	3	
3187	2	
3188	5	
3189	3	
3190	3	
3191	3	
3192	2	
3193	3	
3194	2	
3195	2	
3196	2	
3197	2	
3198	2	
3199	4	
3200	2	
3201	3	
3202	6	
3203	2	
3204	2	
3205	3	
3206	2	
3207	3	
3208	2	
3209	3	
3210	3	
3211	3	
3212	2	
3213	3	
3214	3	
3215	2	
3216	2	
3217	2	
3218	6	
3219	2	
3220	2	
3221	3	
3222	2	
3223	2	
3224	2	
3225	2	
3226	3	
3227	4	
3228	2	
3229	4	
3230	2	
3231	3	
3232	2	
3233	3	
3234	2	
3235	5	
3236	2	
3237	2	
3238	2	
3239	2	
3240	2	
3241	3	
3242	2	
3243	4	
3244	2	
3245	3	
3246	3	
3247	2	
3248	2	
3249	3	
3250	2	
3251	2	
3252	2	
3253	3	
3254	2	
3255	2	
3256	2	
3257	2	
3258	3	
3259	3	
3260	2	
3261	2	
3262	6	
3263	2	
3264	2	
3265	2	
3266	2	
3267	2	
3268	2	
3269	2	
3270	2	
3271	3	
3272	2	
3273	3	
3274	3	
3275	2	
3276	2	
3277	3	
3278	2	
3279	2	
3280	2	
3281	2	
3282	2	
3283	2	
3284	2	
3285	3	
3286	2	
3287	2	
3288	3	
3289	3	
3290	4	
3291	3	
3292	3	
3293	5	
3294	2	
3295	2	
3296	2	
3297	2	
3298	2	
3299	2	
3300	2	
3301	2	
3302	2	
3303	2	
3304	2	
3305	2	
3306	2	
3307	2	
3308	2	
3309	3	
3310	2	
3311	3	
3312	3	
3313	2	
3314	2	
3315	2	
3316	2	
3317	2	
3318	2	
3319	2	
3320	4	
3321	2	
3322	5	
3323	2	
3324	3	
3325	2	
3326	2	
3327	2	
3328	3	
3329	2	
3330	2	
3331	3	
3332	2	
3333	3	
3334	2	
3335	2	
3336	2	
3337	2	
3338	2	
3339	3	
3340	2	
3341	2	
3342	2	
3343	3	
3344	3	
3345	2	
3346	2	
3347	2	
3348	2	
3349	2	
3350	3	
3351	3	
3352	2	
3353	3	
3354	3	
3355	3	
3356	4	
3357	2	
3358	2	
3359	2	
3360	2	
3361	2	
3362	2	
3363	3	
3364	3	
3365	2	
3366	2	
3367	2	
3368	2	
3369	4	
3370	2	
3371	2	
3372	2	
3373	2	
3374	2	
3375	3	
3376	2	
3377	2	
3378	2	
3379	2	
3380	3	
3381	2	
3382	2	
3383	3	
3384	2	
3385	3	
3386	3	
3387	2	
3388	2	
3389	2	
3390	4	
3391	2	
3392	3	
3393	2	
3394	2	
3395	2	
3396	3	
3397	3	
3398	3	
3399	3	
3400	2	
3401	2	
3402	3	
3403	2	
3404	2	
3405	2	
3406	3	
3407	2	
3408	4	
3409	2	
3410	2	
3411	3	
3412	2	
3413	2	
3414	4	
3415	2	
3416	2	
3417	2	
3418	2	
3419	3	
3420	4	
3421	2	
3422	2	
3423	2	
3424	3	
3425	5	
3426	2	
3427	2	
3428	3	
3429	2	
3430	2	
3431	2	
3432	3	
3433	2	
3434	2	
3435	2	
3436	2	
3437	4	
3438	4	
3439	3	
3440	2	
3441	3	
3442	2	
3443	2	
3444	2	
3445	2	
3446	2	
3447	2	
3448	3	
3449	3	
3450	2	
3451	2	
3452	3	
3453	3	
3454	2	
3455	3	
3456	2	
3457	2	
3458	2	
3459	2	
3460	2	
3461	3	
3462	3	
3463	2	
3464	2	
3465	2	
3466	2	
3467	3	
3468	2	
3469	3	
3470	2	
3471	2	
3472	2	
3473	2	
3474	3	
3475	2	
3476	4	
3477	2	
3478	2	
3479	2	
3480	2	
3481	2	
3482	2	
3483	4	
3484	2	
3485	3	
3486	4	
3487	2	
3488	2	
3489	4	
3490	2	
3491	2	
3492	2	
3493	2	
3494	3	
3495	3	
3496	2	
3497	2	
3498	3	
3499	3	
3500	2	
3501	2	
3502	2	
3503	2	
3504	2	
3505	2	
3506	2	
3507	3	
3508	2	
3509	2	
3510	2	
3511	2	
3512	2	
3513	2	
3514	3	
3515	3	
3516	2	
3517	6	
3518	2	
3519	2	
3520	3	
3521	2	
3522	3	
3523	3	
3524	2	
3525	3	
3526	2	
3527	2	
3528	3	
3529	5	
3530	2	
3531	2	
3532	2	
3533	2	
3534	2	
3535	2	
3536	2	
3537	2	
3538	2	
3539	2	
3540	3	
3541	3	
3542	2	
3543	2	
3544	3	
3545	3	
3546	2	
3547	2	
3548	3	
3549	2	
3550	5	
3551	3	
3552	2	
3553	2	
3554	2	
3555	2	
3556	2	
3557	2	
3558	2	
3559	2	
3560	2	
3561	2	
3562	3	
3563	2	
3564	2	
3565	2	
3566	3	
3567	2	
3568	2	
3569	2	
3570	2	
3571	2	
3572	2	
3573	3	
3574	3	
3575	2	
3576	2	
3577	3	
3578	2	
3579	2	
3580	2	
3581	3	
3582	2	
3583	4	
3584	2	
3585	2	
3586	3	
3587	2	
3588	2	
3589	2	
3590	2	
3591	2	
3592	2	
3593	3	
3594	2	
3595	3	
3596	4	
3597	2	
3598	4	
3599	3	
3600	2	
3601	3	
3602	3	
3603	2	
3604	2	
3605	2	
3606	3	
3607	2	
3608	2	
3609	2	
3610	3	
3611	2	
3612	3	
3613	2	
3614	2	
3615	2	
3616	3	
3617	2	
3618	2	
3619	2	
3620	2	
3621	2	
3622	2	
3623	2	
3624	2	
3625	3	
3626	2	
3627	2	
3628	3	
3629	2	
3630	4	
3631	3	
3632	3	
3633	2	
3634	2	
3635	2	
3636	2	
3637	2	
3638	2	
3639	3	
3640	2	
3641	2	
3642	2	
3643	2	
3644	2	
3645	2	
3646	2	
3647	2	
3648	2	
3649	2	
3650	2	
3651	2	
3652	2	
3653	2	
3654	2	
3655	2	
3656	2	
3657	2	
3658	2	
3659	2	
3660	2	
3661	2	
3662	2	
3663	2	
3664	4	
3665	2	
3666	2	
3667	3	
3668	2	
3669	3	
3670	3	
3671	2	
3672	3	
3673	2	
3674	2	
3675	2	
3676	2	
3677	2	
3678	2	
3679	2	
3680	2	
3681	3	
3682	3	
3683	2	
3684	3	
3685	2	
3686	2	
3687	2	
3688	2	
3689	2	
3690	2	
3691	4	
3692	2	
3693	2	
3694	2	
3695	2	
3696	2	
3697	2	
3698	4	
3699	3	
3700	4	
3701	2	
3702	2	
3703	2	
3704	2	
3705	2	
3706	2	
3707	3	
3708	2	
3709	2	
3710	2	
3711	2	
3712	2	
3713	2	
3714	2	
3715	2	
3716	3	
3717	2	
3718	2	
3719	2	
3720	2	
3721	2	
3722	3	
3723	2	
3724	2	
3725	2	
3726	2	
3727	2	
3728	3	
3729	2	
3730	2	
3731	2	
3732	2	
3733	2	
3734	2	
3735	2	
3736	2	
3737	3	
3738	2	
3739	3	
3740	2	
3741	2	
3742	2	
3743	2	
3744	2	
3745	2	
3746	2	
3747	2	
3748	2	
3749	2	
3750	2	
3751	2	
3752	2	
3753	2	
3754	2	
3755	2	
3756	2	
3757	3	
3758	2	
3759	4	
3760	2	
3761	2	
3762	2	
3763	3	
3764	2	
3765	3	
3766	2	
3767	2	
3768	2	
3769	2	
3770	3	
3771	2	
3772	2	
3773	3	
3774	2	
3775	2	
3776	3	
3777	3	
3778	3	
3779	2	
3780	3	
3781	2	
3782	2	
3783	2	
3784	4	
3785	2	
3786	3	
3787	2	
3788	2	
3789	2	
3790	2	
3791	2	
3792	2	
3793	3	
3794	3	
3795	2	
3796	2	
3797	3	
3798	3	
3799	3	
3800	3	
3801	2	
3802	2	
3803	2	
3804	2	
3805	2	
3806	3	
3807	2	
3808	2	
3809	2	
3810	2	
3811	2	
3812	3	
3813	2	
3814	2	
3815	2	
3816	2	
3817	2	
3818	2	
3819	3	
3820	3	
3821	2	
3822	2	
3823	2	
3824	2	
3825	2	
3826	3	
3827	2	
3828	2	
3829	3	
3830	2	
3831	2	
3832	2	
3833	2	
3834	3	
3835	2	
3836	3	
3837	2	
3838	2	
3839	3	
3840	2	
3841	2	
3842	2	
3843	2	
3844	2	
3845	3	
3846	4	
3847	2	
3848	2	
3849	2	
3850	2	
3851	2	
3852	2	
3853	3	
3854	2	
3855	2	
3856	2	
3857	3	
3858	2	
3859	2	
3860	3	
3861	2	
3862	2	
3863	2	
3864	2	
3865	2	
3866	2	
3867	3	
3868	2	
3869	3	
3870	2	
3871	2	
3872	2	
3873	2	
3874	2	
3875	2	
3876	2	
3877	2	
3878	3	
3879	2	
3880	2	
3881	3	
3882	3	
3883	3	
3884	2	
3885	2	
3886	2	
3887	3	
3888	2	
3889	2	
3890	2	
3891	2	
3892	2	
3893	2	
3894	2	
3895	2	
3896	2	
3897	2	
3898	2	
3899	3	
3900	2	
3901	2	
3902	2	
3903	2	
3904	2	
3905	2	
3906	2	
3907	2	
3908	2	
3909	2	
3910	2	
3911	2	
3912	2	
3913	3	
3914	2	
3915	2	
3916	2	
3917	2	
3918	4	
3919	2	
3920	2	
3921	2	
3922	2	
3923	3	
3924	2	
3925	2	
3926	3	
3927	3	
3928	3	
3929	4	
3930	3	
3931	2	
3932	2	
3933	2	
3934	3	
3935	2	
3936	2	
3937	3	
3938	2	
3939	2	
3940	2	
3941	2	
3942	2	
3943	2	
3944	2	
3945	2	
3946	3	
3947	2	
3948	2	
3949	4	
3950	3	
3951	2	
3952	2	
3953	2	
3954	2	
3955	2	
3956	2	
3957	2	
3958	2	
3959	2	
3960	2	
3961	3	
3962	2	
3963	2	
3964	2	
3965	2	
3966	4	
3967	4	
3968	2	
3969	2	
3970	2	
3971	2	
3972	2	
3973	2	
3974	2	
3975	2	
3976	2	
3977	2	
3978	2	
3979	2	
3980	2	
3981	2	
3982	3	
3983	2	
3984	2	
3985	3	
3986	2	
3987	2	
3988	2	
3989	2	
3990	2	
3991	2	
3992	2	
3993	2	
3994	2	
3995	3	
3996	2	
3997	2	
3998	2	
3999	2	
4000	2	
4001	2	
4002	2	
4003	2	
4004	2	
4005	2	
4006	2	
4007	2	
4008	2	
4009	2	
4010	2	
4011	2	
4012	2	
4013	2	
4014	2	
4015	3	
4016	2	
4017	2	
4018	2	
4019	2	
4020	2	
4021	2	
4022	2	
4023	2	
4024	2	
4025	2	
4026	2	
4027	2	
4028	2	
4029	2	
4030	2	
4031	2	
4032	2	
4033	3	
4034	2	
4035	2	
4036	2	
4037	2	
4038	2	
4039	2	
4040	2	
4041	2	
4042	3	
4043	2	
4044	3	
4045	2	
4046	2	
4047	2	
4048	2	
4049	2	
4050	2	
4051	2	
4052	2	
4053	2	
4054	2	
4055	2	
4056	2	
4057	2	
4058	2	
4059	2	
4060	2	
4061	2	
4062	2	
4063	2	
4064	2	
4065	3	
4066	2	
4067	2	
4068	2	
4069	2	
4070	2	
4071	2	
4072	2	
4073	2	
4074	2	
4075	2	
4076	2	
4077	2	
4078	2	
4079	2	
4080	2	
4081	2	
4082	2	
4083	2	
4084	2	
4085	2	
4086	2	
4087	2	
4088	2	
4089	2	
4090	2	
4091	2	
4092	2	
4093	2	
4094	2	
4095	2	
4096	2	
4097	2	
4098	2	
4099	2	
4100	3	
4101	2	
4102	2	
4103	2	
4104	2	
4105	2	
4106	3	
4107	2	
4108	3	
4109	3	
4110	2	
4111	2	
4112	2	
4113	2	
4114	2	
4115	2	
4116	3	
4117	2	
4118	2	
4119	3	
4120	2	
4121	2	
4122	2	
4123	2	
4124	2	
4125	2	
4126	2	
4127	2	
4128	2	
4129	4	
4130	2	
4131	2	
4132	2	
4133	2	
4134	2	
4135	3	
4136	2	
4137	2	
4138	2	
4139	2	
4140	2	
4141	2	
4142	3	
4143	2	
4144	4	
4145	2	
4146	2	
4147	3	
4148	2	
4149	3	
4150	2	
4151	2	
4152	2	
4153	2	
4154	2	
4155	2	
4156	2	
4157	2	
4158	3	
4159	3	
4160	2	
4161	2	
4162	2	
4163	2	
4164	2	
4165	2	
4166	2	
4167	3	
4168	2	
4169	2	
4170	2	
4171	2	
4172	2	
4173	2	
4174	2	
4175	2	
4176	2	
4177	3	
4178	2	
4179	3	
4180	2	
4181	2	
4182	2	
4183	2	
4184	2	
4185	2	
4186	2	
4187	3	
4188	2	
4189	2	
4190	2	
4191	3	
4192	2	
4193	2	
4194	2	
4195	2	
4196	3	
4197	2	
4198	3	
4199	3	
4200	2	
4201	2	
4202	3	
4203	2	
4204	2	
4205	2	
4206	2	
4207	2	
4208	2	
4209	2	
4210	2	
4211	2	
4212	2	
4213	2	
4214	2	
4215	2	
4216	2	
4217	2	
4218	2	
4219	2	
4220	2	
4221	2	
4222	2	
4223	2	
4224	3	
4225	2	
4226	2	
4227	2	
4228	2	
4229	2	
4230	2	
4231	2	
4232	3	
4233	4	
4234	2	
4235	2	
4236	2	
4237	2	
4238	3	
4239	2	
4240	2	
4241	2	
4242	2	
4243	2	
4244	2	
4245	2	
4246	3	
4247	2	
4248	2	
4249	2	
4250	2	
4251	2	
4252	2	
4253	2	
4254	2	
4255	2	
4256	2	
4257	2	
4258	3	
4259	2	
4260	4	
4261	2	
4262	2	
4263	2	
4264	2	
4265	2	
4266	2	
4267	2	
4268	2	
4269	2	
4270	2	
4271	2	
4272	2	
4273	2	
4274	2	
4275	2	
4276	2	
4277	2	
4278	2	
4279	2	
4280	2	
4281	2	
4282	2	
4283	2	
4284	2	
4285	2	
4286	2	
4287	2	
4288	2	
4289	2	
4290	2	
4291	2	
4292	2	
4293	2	
4294	2	
4295	2	
4296	2	
4297	2	
4298	2	
4299	2	
4300	2	
4301	2	
4302	2	
4303	2	
4304	2	
4305	2	
4306	2	
4307	2	
4308	2	
4309	2	
4310	2	
4311	3	
4312	2	
4313	2	
4314	2	
4315	2	
4316	2	
4317	2	
4318	2	
4319	2	
4320	2	
4321	2	
4322	2	
4323	2	
4324	2	
4325	2	
4326	2	
4327	2	
4328	3	
4329	2	
4330	3	
4331	2	
4332	2	
4333	2	
4334	3	
4335	2	
4336	2	
4337	2	
4338	2	
4339	2	
4340	2	
4341	2	
4342	2	
4343	2	
4344	2	
4345	3	
4346	2	
4347	2	
4348	2	
4349	2	
4350	2	
4351	2	
4352	2	
4353	2	
4354	3	
4355	2	
4356	2	
4357	2	
4358	2	
4359	2	
4360	2	
4361	2	
4362	2	
4363	2	
4364	3	
4365	2	
4366	2	
4367	2	
4368	2	
4369	3	
4370	2	
4371	2	
4372	2	
4373	2	
4374	2	
4375	2	
4376	2	
4377	3	
4378	2	
4379	2	
4380	2	
4381	2	
4382	3	
4383	3	
4384	2	
4385	2	
4386	2	
4387	3	
4388	2	
4389	2	
4390	2	
4391	2	
4392	4	
4393	2	
4394	2	
4395	4	
4396	2	
4397	2	
4398	2	
4399	2	
4400	2	
4401	3	
4402	2	
4403	2	
4404	2	
4405	3	
4406	2	
4407	2	
4408	2	
4409	2	
4410	2	
4411	2	
4412	2	
4413	2	
4414	2	
4415	2	
4416	2	
4417	2	
4418	2	
4419	3	
4420	2	
4421	3	
4422	2	
4423	2	
4424	2	
4425	2	
4426	2	
4427	2	
4428	3	
4429	2	
4430	2	
4431	2	
4432	2	
4433	2	
4434	2	
4435	2	
4436	2	
4437	2	
4438	2	
4439	2	
4440	2	
4441	2	
4442	2	
4443	2	
4444	2	
4445	2	
4446	2	
4447	2	
4448	2	
4449	2	
4450	2	
4451	2	
4452	2	
4453	2	
4454	2	
4455	2	
4456	2	
4457	2	
4458	2	
4459	3	
4460	3	
4461	2	
4462	2	
4463	2	
4464	2	
4465	2	
4466	2	
4467	2	
4468	2	
4469	2	
4470	2	
4471	2	
4472	2	
4473	2	
4474	2	
4475	2	
4476	3	
4477	2	
4478	2	
4479	2	
4480	3	
4481	2	
4482	3	
4483	2	
4484	2	
4485	2	
4486	2	
4487	2	
4488	2	
4489	2	
4490	2	
4491	2	
4492	2	
4493	2	
4494	2	
4495	2	
4496	2	
4497	2	
4498	2	
4499	2	
4500	2	
4501	2	
4502	2	
4503	3	
4504	2	
4505	2	
4506	2	
4507	2	
4508	2	
4509	3	
4510	2	
4511	2	
4512	2	
4513	2	
4514	2	
4515	2	
4516	2	
4517	2	
4518	2	
4519	2	
4520	2	
4521	2	
4522	2	
4523	2	
4524	2	
4525	2	
4526	2	
4527	2	
4528	2	
4529	2	
4530	2	
4531	2	
4532	2	
4533	3	
4534	2	
4535	2	
4536	3	
4537	2	
4538	2	
4539	2	
4540	2	
4541	2	
4542	2	
4543	2	
4544	2	
4545	2	
4546	2	
4547	2	
4548	2	
4549	2	
4550	2	
4551	2	
4552	2	
4553	3	
4554	2	
4555	3	
4556	2	
4557	3	
4558	2	
4559	2	
4560	2	
4561	2	
4562	2	
4563	2	
4564	3	
4565	2	
4566	2	
4567	2	
4568	3	
4569	2	
4570	2	
4571	2	
4572	2	
4573	2	
4574	2	
4575	2	
4576	2	
4577	2	
4578	2	
4579	2	
4580	2	
4581	2	
4582	2	
4583	2	
4584	2	
4585	2	
4586	2	
4587	2	
4588	3	
4589	2	
4590	2	
4591	2	
4592	2	
4593	2	
4594	2	
4595	2	
4596	2	
4597	2	
4598	2	
4599	2	
4600	2	
4601	2	
4602	2	
4603	2	
4604	2	
4605	2	
4606	2	
4607	2	
4608	2	
4609	2	
4610	2	
4611	2	
4612	2	
4613	2	
4614	3	
4615	2	
4616	2	
4617	2	
4618	3	
4619	2	
4620	2	
4621	2	
4622	2	
4623	2	
4624	2	
4625	2	
4626	2	
4627	2	
4628	2	
4629	3	
4630	3	
4631	2	
4632	2	
4633	2	
4634	3	
4635	2	
4636	2	
4637	2	
4638	2	
4639	2	
4640	2	
4641	2	
4642	2	
4643	2	
4644	2	
4645	3	
4646	2	
4647	2	
4648	2	
4649	2	
4650	2	
4651	2	
4652	2	
4653	2	
4654	2	
4655	2	
4656	2	
4657	2	
4658	2	
4659	2	
4660	2	
4661	2	
4662	2	
4663	2	
4664	2	
4665	2	
4666	2	
4667	2	
4668	2	
4669	2	
4670	2	
4671	2	
4672	2	
4673	2	
4674	2	
4675	2	
4676	2	
4677	2	
4678	2	
4679	2	
4680	2	
4681	2	
4682	2	
4683	2	
4684	2	
4685	2	
4686	3	
4687	2	
4688	2	
4689	2	
4690	2	
4691	2	
4692	2	
4693	2	
4694	2	
4695	2	
4696	2	
4697	2	
4698	2	
4699	2	
4700	2	
4701	2	
4702	2	
4703	2	
4704	2	
4705	2	
4706	2	
4707	2	
4708	2	
4709	2	
4710	3	
4711	2	
4712	2	
4713	2	
4714	2	
4715	2	
4716	2	
4717	2	
4718	2	
4719	2	
4720	2	
4721	2	
4722	2	
4723	2	
4724	2	
4725	2	
4726	2	
4727	2	
4728	2	
4729	2	
4730	2	
4731	2	
4732	2	
4733	2	
4734	2	
4735	2	
4736	2	
4737	2	
4738	2	
4739	2	
4740	2	
4741	2	
4742	2	
4743	2	
4744	2	
4745	2	
4746	2	
4747	2	
4748	2	
4749	2	
4750	2	
4751	2	
4752	2	
4753	2	
4754	2	
4755	2	
4756	2	
4757	2	
4758	2	
4759	2	
4760	2	
4761	2	
4762	2	
4763	2	
4764	2	
4765	2	
4766	2	
4767	2	
4768	2	
4769	2	
4770	2	
4771	2	
4772	2	
4773	2	
4774	2	
4775	2	
4776	2	
4777	2	
4778	2	
4779	2	
4780	2	
4781	2	
4782	2	
4783	2	
4784	2	
4785	2	
4786	2	
4787	2	
4788	2	
4789	2	
4790	2	
4791	2	
4792	2	
4793	2	
4794	2	
4795	2	
4796	2	
4797	3	
4798	2	
4799	2	
4800	2	
4801	2	
4802	2	
4803	2	
4804	2	
4805	2	
4806	3	
4807	2	
4808	2	
4809	2	
4810	2	
4811	2	
4812	2	
4813	2	
4814	2	
4815	2	
4816	2	
4817	2	
4818	2	
4819	2	
4820	2	
4821	2	
4822	4	
4823	2	
4824	2	
4825	2	
4826	2	
4827	2	
4828	2	
4829	2	
4830	2	
4831	2	
4832	2	
4833	2	
4834	2	
4835	2	
4836	2	
4837	2	
4838	2	
4839	2	
4840	2	
4841	2	
4842	2	
4843	2	
4844	2	
4845	2	
4846	2	
4847	2	
4848	2	
4849	2	
4850	2	
4851	2	
4852	2	
4853	3	
4854	2	
4855	2	
4856	2	
4857	2	
4858	2	
4859	2	
4860	2	
4861	2	
4862	2	
4863	2	
4864	2	
4865	2	
4866	2	
4867	2	
4868	2	
4869	2	
4870	2	
4871	2	
4872	2	
4873	2	
4874	2	
4875	2	
4876	2	
4877	2	
4878	2	
4879	2	
4880	2	
4881	2	
4882	2	
4883	2	
4884	2	
4885	2	
4886	2	
4887	2	
4888	2	
4889	2	
4890	2	
4891	2	
4892	2	
4893	2	
4894	2	
4895	2	
4896	2	
4897	2	
4898	2	
4899	2	
4900	2	
4901	2	
4902	2	
4903	2	
4904	2	
4905	2	
4906	2	
4907	2	
4908	2	
4909	2	
4910	2	
4911	2	
4912	2	
4913	2	
4914	2	
4915	2	
4916	2	
4917	2	
4918	2	
4919	2	
4920	2	
4921	2	
4922	2	
4923	2	
4924	2	
4925	2	
4926	2	
4927	2	
4928	2	
4929	2	
4930	2	
4931	2	
4932	2	
4933	3	
4934	2	
4935	2	
4936	2	
4937	2	
4938	2	
4939	2	
4940	2	
4941	2	
4942	2	
4943	2	
4944	2	
4945	2	
4946	2	
4947	2	
4948	2	
4949	2	
4950	2	
4951	2	
4952	2	
4953	2	
4954	2	
4955	2	
4956	2	
4957	2	
4958	2	
4959	2	
4960	2	
4961	2	
4962	2	
4963	2	
4964	2	
4965	2	
4966	2	
4967	2	
4968	2	
4969	2	
4970	2	
4971	2	
4972	2	
4973	2	
4974	2	
4975	2	
4976	2	
4977	2	
4978	2	
4979	2	
4980	2	
4981	2	
4982	2	
4983	2	
4984	2	
4985	2	
4986	2	
4987	2	
4988	2	
4989	2	
4990	2	
4991	2	
4992	2	
4993	2	
4994	2	
4995	2	
4996	2	
4997	2	
4998	2	
4999	2	
5000	2	
